const sailing_heart = {
  name: "Sailing Heart",
  fontStep: 5,
  space: 50,
  lineHeight: 185,
  ["letters"]: {
    А: {
      el: 3,
      path: "M77.26 64.77c-1.43,11.65 -5.21,14.08 -16.8,16.17m0 0c-6.85,1.23 -16.35,2.03 -23.51,3.18 -7.15,1.15 -12.13,2.67 -15.85,6.12 -3.72,3.44 -6.2,8.81 -7.26,13.35 -1.06,4.54 -0.69,8.26 1.08,10.41 1.77,2.16 4.93,2.75 7.65,0.64 2.71,-2.11 4.98,-6.94 6.35,-11.53 1.36,-4.59 1.82,-8.95 1.77,-12.84 -0.02,-1.55 -0.2,-3.36 -0.46,-4.73m0 0c-0.4,-2.08 -1.11,-3.58 -2.56,-5.08 -2.39,-2.49 -6.61,-4.05 -10.9,-1.97 -4.29,2.09 -8.65,7.82 -11.24,16.05 -2.59,8.23 -3.42,18.96 -1.19,27.13 2.23,8.17 7.51,13.77 14.07,13.19 6.56,-0.58 14.4,-7.35 20.9,-25.51 2.83,-7.89 5.06,-16.37 7.29,-26.5m0 0c2.92,-13.2 5.6,-28.13 7.17,-37.13 1.76,-10.09 2.53,-14.68 3.1,-17.05 1.88,-7.9 12.57,-5.88 11.75,2.56 -0.16,1.68 -0.65,4.84 -1.5,8.95 -1.45,7.04 -3.93,18.98 -5.64,32.01 -1.71,13.03 -2.65,27.16 -1.69,37.8 0.95,10.64 3.8,17.79 7.41,21.5 3.61,3.7 8,3.94 11.31,2.89 3.3,-1.05 5.52,-3.41 7.73,-5.77",
    },
    Б: {
      el: 2,
      path: "M24.73 51.32c-4.81,1.88 -9.62,3.75 -13.85,2.78 -4.22,-0.97 -7.86,-4.79 -6.77,-9.4 1.08,-4.61 6.87,-10 17.68,-12.68 10.8,-2.67 26.61,-2.63 37.7,-2.82 8.08,-0.14 17.05,0.73 22.79,-7.16m-44.28 10.8c-10.16,38.37 -15.14,63.36 -8.14,93.6m-0.61 -51.1c28.38,-22.08 43.64,-6.82 46.4,-0.19 4.34,10.42 5.36,27.89 -10.84,45.29 -8.31,8.93 -21.49,15.9 -34.26,16.08 -26.11,0.39 -38.7,-29.86 -14.87,-38.41",
    },
    В: {
      el: 4,
      path: "M3.03 56.95c1.65,1.87 3.3,3.73 6.33,4.49 3.03,0.76 7.43,0.4 10.89,-1.86 3.46,-2.26 5.99,-6.43 7.81,-12.58 1.83,-6.15 2.63,-13.09 3.89,-17.41 2.42,-8.28 14.44,-5.45 10.94,5.66 -1.61,5.09 -4.91,13.94 -6.91,23.19 -2,9.26 -2.71,18.9 -2.3,29.24 0.41,10.33 1.95,21.34 3.49,32.34m8.61 -69.19c5.48,-19.22 16.82,-32.04 26.83,-23.93 6.21,5.04 6.36,14.08 2.62,21.54 -4.74,9.45 -20.02,23.56 -28.03,31.31m17.72 -16.79c10.99,-0.67 19.33,3.18 22.09,9.82 4.34,10.42 1.31,27.89 -14.88,45.29 -8.31,8.93 -21.49,15.9 -34.26,16.08 -26.11,0.39 -38.7,-29.86 -14.87,-38.41",
    },
    Г: {
      el: 1,
      path: "M39.76 26.8c-4.81,15.26 -9.62,30.52 -12.03,45.77 -2.4,15.24 -2.4,30.47 -1.3,40.06 1.1,9.59 3.3,13.53 6.05,16.29 2.75,2.76 6.05,4.32 9.36,5.9m-38.8 -89.47c9.17,-5.78 18.35,-11.56 26.92,-15.18 8.58,-3.62 16.56,-5.08 22.61,-5.81 6.05,-0.73 10.18,-0.73 13.67,-0.14 3.49,0.59 6.33,1.77 9.17,2.95",
    },

    Д: {
      el: 4,
      path: "M40.74 41.33c-8.68,54.07 -0.43,90.41 -26.87,91.16 -4.93,0.14 -9.49,-2.48 -10.57,-5.99 -1.08,-3.51 1.32,-7.91 5.22,-9.86 3.9,-1.95 9.29,-1.44 14.49,1.21 2.47,1.26 4.44,2.66 6.85,4.5m0 0c2.67,2.02 5.77,4.5 8.44,6.2 37.36,23.76 46.69,-31.4 43.14,-62.62 -4.66,-41.03 -23.11,-46.71 -41.06,-38.39 -17.96,8.32 -29.15,40.59 -16.51,54.38",
    },

    Е: {
      el: 2,
      path: "M19.04 55c7.98,1.93 18.68,0.77 27.66,-3.36 8.99,-4.13 16.79,-11.1 19.54,-16.14 2.75,-5.04 0.46,-8.16 -2.84,-9.95 -3.3,-1.79 -7.61,-2.25 -13.67,-0.69 -6.05,1.56 -13.85,5.14 -20.13,11.72 -6.28,6.58 -11.05,16.17 -11.05,22.22 0,6.05 4.77,8.58 11.6,8.58 6.83,0 15.73,-2.52 24.63,-5.05m-22.39 4.97c-13.79,11.4 -31.26,28.88 -27.21,48.47 1.56,7.54 5.8,12.52 11.88,15.65 6.08,3.13 13.99,4.42 21.14,2.1 7.15,-2.32 13.55,-8.24 17.79,-15.22 4.24,-6.98 6.33,-15.03 8.42,-23.07m-54.59 -68.64c-7.36,3.76 -7.54,12.32 -6.03,16.9 1.51,4.59 6.78,9.59 14.76,11.52",
    },

    Ё: {
      el: 4,
      path: "M19.04 55c7.98,1.93 18.68,0.77 27.66,-3.36 8.99,-4.13 16.79,-11.1 19.54,-16.14 2.75,-5.04 0.46,-8.16 -2.84,-9.95 -3.3,-1.79 -7.61,-2.25 -13.67,-0.69 -6.05,1.56 -13.85,5.14 -20.13,11.72 -6.28,6.58 -11.05,16.17 -11.05,22.22 0,6.05 4.77,8.58 11.6,8.58 6.83,0 15.73,-2.52 24.63,-5.05m-22.39 4.97c-13.79,11.4 -31.26,28.88 -27.21,48.47 1.56,7.54 5.8,12.52 11.88,15.65 6.08,3.13 13.99,4.42 21.14,2.1 7.15,-2.32 13.55,-8.24 17.79,-15.22 4.24,-6.98 6.33,-15.03 8.42,-23.07m-54.59 -68.64c-7.36,3.76 -7.54,12.32 -6.03,16.9 1.51,4.59 6.78,9.59 14.76,11.52",
    },

    Ж: {
      el: 2,
      path: "M47.68 87.02c44.41,10.24 61.12,-19.69 65.74,-28.26 4.62,-8.58 5.92,-19.4 3.45,-26.65 -2.47,-7.25 -8.71,-10.92 -15.4,-7.22 -6.69,3.69 -13.82,14.74 -19.15,25.57 -5.33,10.82 -8.86,21.42 -11.44,32.91 -0.46,2.03 -0.88,4.09 -1.26,6.15m0 0c-1.77,9.63 -2.54,19.48 -0.63,27.69 2.32,9.98 8.6,17.54 15.58,17.93 6.98,0.39 14.67,-6.4 20.34,-14.54 5.66,-8.14 9.3,-17.63 12.94,-27.13m-84.57 -24.79c1.08,5.73 2.15,11.47 1.11,18 -1.04,6.54 -4.2,13.87 -7.78,17.59 -3.58,3.71 -7.6,3.81 -11.14,-0.48 -3.55,-4.29 -6.63,-12.96 -6.57,-25.13 0.06,-12.18 3.25,-27.86 6.7,-37.59 3.45,-9.73 7.17,-13.51 10.95,-15.52 3.78,-2.02 7.63,-2.28 11.56,0.48 3.94,2.76 7.97,8.54 10.06,17.9 2.09,9.36 2.24,22.29 0.97,33.57 -1.26,11.28 -3.94,20.9 -7.73,29.21 -3.6,7.92 -7.92,14.57 -12.22,19.23 -10.35,11.23 -21.39,13.86 -26.17,-6.15m61.2 -94.62c-1.29,20.94 -2.58,41.87 -4.82,58.32 -0.23,1.68 -0.47,3.3 -0.71,4.89m0 0c-2.17,13.94 -5.03,24.28 -7.87,31.08 -3.16,7.58 -6.31,10.78 -9.46,13.99",
    },

    З: {
      el: 1,
      path: "M54.29 62.97c10.94,-0.67 19.55,3.18 22.77,9.82 5.06,10.42 3.24,27.89 -11.75,45.29 -7.69,8.93 -20.39,15.9 -33.15,16.08 -23.84,0.36 -38.16,-24.88 -22.71,-35.75 1.27,-0.9 13.14,-12.09 44.89,16.63m-20.03 -64.2c4.15,-19.22 14.6,-32.04 25.17,-23.93 6.56,5.04 7.33,14.08 4.11,21.54 -3.02,6.98 -11.61,16.5 -18.9,24.13",
    },

    И: {
      el: 1,
      path: "M23.75 23.7c-8.64,19.91 -34.98,91.06 -10.66,106.69 4.44,2.85 10.48,3.44 15.46,1.49 5.19,-2.03 11.9,-6.7 18.96,-16.95m15.32 -91.23c-5.41,24.65 -16.63,66.83 -15.32,91.23 0.46,8.5 2.66,14.22 5.86,17.27 3.2,3.05 7.4,3.43 10.47,1.49 3.07,-1.94 5.02,-6.21 6.97,-10.47",
    },

    Й: {
      el: 2,
    },

    К: {
      el: 3,
      path: "M17.89 27.75c0.55,19.45 1.1,38.89 -0.18,56 -1.28,17.11 -4.4,31.87 -7.15,40.01 -2.75,8.13 -5.14,9.63 -7.52,11.13m29.23 -53.66c4.21,2.47 7.83,4.59 10.26,11.7 2.43,7.11 3.07,18.85 4.4,26.61 0.96,5.6 3.21,14.82 10.4,14.98 5.52,0.12 8.05,-5.71 9,-10.73m-7.15 -100.07c-2.2,10.33 -4.4,20.67 -8.62,30.1 -4.22,9.43 -10.46,17.96 -16.43,24.47 -5.97,6.51 -11.68,11 -17.39,15.5",
    },

    Л: {
      el: 1,
      path: "M28.46 82.17c2.31,-15.57 12.41,-40.53 22.59,-52.86 3.48,-4.22 9.29,-2.91 9.85,2.28 0.84,7.85 -2.22,40.39 -2.12,51.16 0.19,20.56 3.74,32.46 15.72,48.6m-71.47 -36.95c1.63,-4 3.26,-8 7.62,-10.73 14.24,-8.91 26.75,2.05 31.72,15.07 3.09,8.09 4.77,19.64 4.34,26.31 -0.8,12.65 -12.12,14.09 -16.75,0.11 -2.84,-8.6 -3.65,-22.8 -2.18,-37.6 0.17,-1.67 0.44,-3.79 0.68,-5.4",
    },

    М: {
      el: 1,
      path: "M30.45 82.17c4.84,-15.57 18.99,-40.53 31.17,-52.86 4.17,-4.22 9.76,-2.91 9.48,2.28 -0.43,7.85 -8.77,40.39 -10.42,51.16 -3.14,20.56 -1.53,32.46 7.83,48.6m-65.47 -36.95c2.28,-4 4.56,-8 9.36,-10.73 15.68,-8.91 26.41,2.05 29.27,15.07 1.77,8.09 1.58,19.64 0.07,26.31 -2.86,12.65 -14.41,14.09 -16.76,0.11 -1.45,-8.6 0.05,-22.8 3.92,-37.6 0.44,-1.67 1.06,-3.79 1.56,-5.4m31.14 -4.42c9.16,-8.02 16.28,-15.63 20.38,-22.11 4.34,-6.86 12.31,-5.04 11.5,2.94 -0.72,7.15 -3.15,18.15 -4.22,27.56 -1.27,11.13 -1.47,21.29 -0.47,28.77 1,7.48 3.19,12.29 5.41,14.52 2.22,2.23 4.47,1.87 6.04,0.31 1.57,-1.56 2.45,-4.32 3.34,-7.08",
    },

    Н: {
      el: 3,
      path: "M56.31 73.89c-1.56,14.9 -0.99,28.77 -0.11,37.76 0.87,8.99 1.97,13.72 3.58,17.21 1.61,3.49 3.88,5.94 6.26,6.93m-39.25 -104.78c-3.67,12.34 -5.12,20.17 -6.73,34.97 -0.59,5.46 -0.9,10.61 -0.97,16.3m0 0c-0.13,9.75 0.44,19.83 1.5,26.75 1.23,7.96 2.55,18.29 11.59,20.67m-27.11 -23.54c-1.65,-3.39 -3.3,-6.79 -0.55,-11.6 2.75,-4.82 9.91,-11.05 21.01,-15.04 11.1,-3.99 26.14,-5.73 36.41,-5.82 10.27,-0.09 15.78,1.47 21.28,3.03m-17.1 -53.93c-3.76,16.56 -8.25,36.19 -9.81,51.09",
    },

    О: {
      el: 1,
      path: "M27.78 50.21c-5.14,13.12 -10.27,26.23 -11.47,39.58 -0.46,5.13 -0.44,9.18 0.06,14.02m0 0c0.82,7.74 2.73,15.73 4.71,20.25 3.21,7.34 6.88,8.45 10.59,8.36 3.71,-0.09 7.48,-1.38 11.88,-11.39 4.4,-10 9.45,-28.71 11.51,-44.86 2.06,-16.14 1.15,-29.72 -1.97,-38.24 -3.12,-8.53 -8.44,-12 -15.46,-11.73 -7.02,0.28 -15.73,4.3 -22.52,14.48 -6.79,10.18 -11.65,26.5 -12.06,38.34 -0.41,11.83 3.62,19.17 8.67,22.66 5.04,3.49 11.1,3.12 15.55,1.19 4.45,-1.93 7.29,-5.41 10.14,-8.9",
    },

    П: {
      el: 3,
      path: "M7.42 80.83c-1.8,-2.83 -3.6,-5.66 -4.18,-10.14 -0.58,-4.48 0.06,-10.6 1.81,-16.18 1.75,-5.58 4.6,-10.63 6.95,-13.4 2.35,-2.77 4.21,-3.28 6.24,-3.15 2.03,0.13 4.23,0.9 5.78,3.21 1.54,2.3 2.42,6.14 1.22,12.5 -1.2,6.36 -4.48,15.23 -6.28,26.06 -1.8,10.83 -2.12,23.61 -0.96,33.12 1.16,9.51 3.8,15.74 6.44,21.98m2.04 -83.13c10.37,-9.76 20.18,-25.29 27.47,-27.62 4.01,-1.28 7.96,1.38 6.83,9.61 -1.12,8.23 -7.32,22.04 -10.73,36.78 -3.42,14.74 -4.06,30.43 -2.04,41.31 2.02,10.88 6.7,16.97 11.37,23.06",
    },

    Р: {
      el: 1,
      path: "M7.14 65.82c-0.6,-6.32 -1.2,-12.65 0.19,-19.01 1.4,-6.36 4.79,-12.74 10.53,-17.22 5.74,-4.48 13.82,-7.06 19.88,-4.38 6.06,2.68 10.1,10.64 11.31,19.86 1.2,9.22 -0.43,19.71 -4.02,28.72 -6.59,16.54 -17.18,23.49 -26.11,24.47 -9.77,1.08 -17.52,-4.98 -15.6,-12.86 0.64,-2.63 2.35,-5.04 5.29,-6.49m12.46 -32.49c-1.99,17.69 -4.27,34.11 -2.32,51.86m0 0c1.31,11.88 4.25,22.65 6.83,28.35 2.01,4.45 3.12,6.71 5.58,7.83",
    },

    С: {
      el: 1,
      path: "M20.58 35.01c-5.78,1.56 -11.49,3.53 -14.86,9.37 -3.37,5.85 -4.32,16.08 1.63,22.63 2.08,2.3 4.64,4.02 8.06,5.43m0 0c6.35,2.62 14.76,3.79 22.14,2.8 11.36,-1.53 21.17,-7.91 26.88,-16.49 5.71,-8.58 7.32,-19.4 4.27,-26.65 -3.05,-7.25 -10.75,-10.92 -19.01,-7.22 -8.26,3.69 -17.06,14.74 -23.64,25.57 -6.58,10.82 -10.94,21.42 -14.13,32.91 -3.19,11.49 -5.21,23.87 -2.34,33.85 2.87,9.98 10.62,17.54 19.24,17.93 8.62,0.39 18.12,-6.4 25.11,-14.54 6.99,-8.14 11.49,-17.63 15.98,-27.13",
    },

    Т: {
      el: 2,
      path: "M8.07 72.89c-2.06,-3.25 -4.13,-6.5 -4.79,-11.63 -0.66,-5.13 0.07,-12.16 2.06,-18.09 2.01,-5.96 10.23,-23.72 19.88,-15.66 2.48,2.08 3.03,6.93 1.65,14.23 -1.38,7.29 -5.14,17.47 -7.2,29.89 -2.06,12.42 -2.43,27.08 -1.1,37.99 1.33,10.91 4.36,18.06 7.38,25.22m22.59 -83.58c8.79,-6.92 10.53,-12.5 16.58,-20.53 2.65,-3.52 5.18,-5.85 7.68,-6.65 4.01,-1.28 7.96,1.38 6.83,9.61 -1.12,8.23 -7.32,22.04 -10.73,36.78 -3.42,14.74 -4.06,30.43 -2.04,41.31 2.02,10.88 6.7,16.97 11.37,23.06m-54.31 -81.5c10.34,-11.09 15.33,-13.39 18.17,-13.57 2.84,-0.18 5.87,2.2 6.03,8.14 0.16,5.94 -2.55,15.43 -3.42,24.49 -0.87,9.06 0.09,17.68 1.05,26.3",
    },

    У: {
      el: 2,
      path: "M59.45 97.07c-1.13,7.88 -2.45,14.53 -3.92,19.92 -2.84,10.42 -5.96,14.11 -9.17,15.96 -3.21,1.84 -6.51,1.84 -8.39,-0.52 -1.88,-2.37 -2.34,-7.1 0.28,-12.52 2.61,-5.42 8.3,-11.54 13.71,-16.52 5.41,-4.98 10.55,-8.84 15.23,-11.5 4.68,-2.66 8.9,-4.13 13.12,-5.6m-77.26 -19.61c8.81,9.94 18.39,12.81 28.01,1.09 5.59,-6.8 10.36,-18.9 11.55,-27.15 1.19,-8.25 -1.19,-12.63 -4.17,-14.81 -2.98,-2.19 -6.56,-2.19 -9.54,1.28 -2.98,3.48 -5.37,10.42 -7.02,21.56 -1.12,7.56 -1.9,17.79 -1.9,26.6m-0 0c0,4.16 0.17,7.45 0.57,11.03 1.24,11.19 5.27,15.54 10.09,16.02 7.57,0.75 20.14,-12.93 30.21,-26.45m0.26 -47.16c0.8,14.52 1.61,29.03 0.72,44.87 -0.43,7.65 -1.32,16.13 -2.38,23.49",
    },

    Ф: {
      el: 3,
      path: "M48.91 23.06c-2.62,17.04 -5.31,34.09 -7.57,51.35 -1.87,14.34 -2.77,24.53 -2.55,33.93 0.22,9.4 1.55,18.03 2.88,26.65m-10.95 -50.72c-34.56,5.72 -27.81,-19.7 -25.82,-23.93 12.13,-25.76 29.68,-28.46 42.53,-27.71m0 0c39.58,2.31 46.15,79.77 -8.53,78.75m0 0c-19.1,-0.36 -27.57,-13.13 -27.03,-27.83m0 0c0.48,-13.05 8.05,-27.43 21.73,-38.79",
    },

    Х: {
      el: 3,
      path: "M71.37 21.54c-49.48,71.69 -52.17,82.85 -54.28,114.99m3.96 -52.4c-1.38,1.38 -2.75,2.75 -4.93,3.21 -2.18,0.46 -5.16,0 -7.75,-3.12 -2.59,-3.12 -4.79,-8.9 -5.25,-15.5 -0.46,-6.6 0.83,-14.03 3.44,-21.14 2.61,-7.11 6.56,-13.9 10.55,-17.24 3.99,-3.35 8.03,-3.26 10.27,-0.87 2.25,2.38 2.71,7.06 4.08,19.17 1.12,9.85 2.11,18.83 3.57,28.73m0 0c0.79,5.37 1.82,11.72 2.85,17 2.75,14.08 5.96,22.7 10.32,28.25 4.36,5.54 9.86,8.01 15.36,10.47",
    },

    Ц: {
      el: 1,
      path: "M23.75 23.7c-8.64,19.91 -34.98,91.06 -10.66,106.69 4.44,2.85 10.48,3.44 15.46,1.49 5.19,-2.03 11.9,-6.7 18.96,-16.95m15.32 -91.23c-5.41,24.65 -16.63,66.83 -15.32,91.23 0.46,8.5 1.81,14 7.95,19.32m0 0c3.34,2.9 11.21,10.48 6.66,21.72 -4.55,11.24 -18.73,0.27 -10.97,-13.91 7.76,-14.18 13.38,-23.81 13.38,-23.81",
    },

    Ч: {
      el: 1,
      path: "M65.23 29.11c-11.07,78.75 -4.29,96.32 -0.88,104.24m-61.31 -66.26c9.44,9.94 19.69,12.81 30.01,1.09 5.98,-6.8 11.09,-18.9 12.37,-27.15 1.28,-8.25 -1.28,-12.63 -4.47,-14.81 -3.19,-2.19 -7.02,-2.19 -10.22,1.28 -3.19,3.48 -5.75,10.42 -7.52,21.56 -1.2,7.56 -2.04,17.79 -2.04,26.6m-0 0c0,4.16 0.19,7.45 0.61,11.03 1.33,11.19 5.64,15.54 10.81,16.02 6.86,0.64 17.56,-9.06 27.22,-20.26",
    },

    Ш: {
      el: 1,
      path: "M73.83 41.62c-5.53,23.95 -12.19,53.95 -11.16,73.05 0.46,8.5 2.66,14.22 5.86,17.27 3.2,3.05 7.4,3.43 10.47,1.49 3.07,-1.94 5.02,-6.21 6.97,-10.47m-41.79 -75.51c-6.93,28.74 -18.71,71.74 -7.47,82.69 3.35,2.85 7.9,3.44 11.66,1.49 3.91,-2.03 8.97,-6.7 14.3,-16.95m-37.61 -91.23c-8.82,19.91 -32.9,91.06 -16.37,106.69 3.02,2.85 5.48,3.44 9.46,1.49 4.15,-2.03 6.45,-4.56 14.04,-14.6",
    },

    Щ: {
      el: 1,
      path: "M70.62 134.26c3.34,2.9 11.21,10.48 6.66,21.72 -4.55,11.24 -18.73,0.27 -10.97,-13.91 7.76,-14.18 13.38,-23.81 13.38,-23.81m-6.12 -75.26c-5.48,23.77 -11.92,53.14 -10.9,71.95 0.46,8.5 1.81,14 7.95,19.32m-26.43 -86.55c-6.93,28.74 -18.71,71.74 -7.47,82.69 3.35,2.85 7.9,3.44 11.66,1.49 3.91,-2.03 8.97,-6.7 14.3,-16.95m-37.61 -91.23c-8.82,19.91 -32.9,91.06 -16.37,106.69 3.02,2.85 5.48,3.44 9.46,1.49 4.15,-2.03 6.45,-4.56 14.04,-14.6",
    },

    Ъ: {
      el: 1,
      path: "M24.55 100.59c-0.6,6.27 -1.2,12.54 0.19,18.17 1.4,5.62 4.79,10.6 10.53,12.96 5.74,2.36 13.82,2.1 19.88,-2.52 6.06,-4.62 10.1,-13.62 11.31,-22.87 1.2,-9.25 -0.43,-18.76 -4.02,-26.2 -6.59,-13.64 -17.18,-16.73 -26.11,-14.66 -9.77,2.27 -17.52,10.69 -15.6,17.6 0.64,2.31 2.35,4.05 5.29,4.44m-22.99 -28.41c1.65,1.87 3.3,3.73 6.33,4.49 3.03,0.76 7.43,0.4 10.89,-1.86 3.46,-2.26 5.99,-6.43 7.81,-12.58 1.83,-6.15 2.94,-14.26 4.21,-18.58 2.42,-8.28 14.65,-6.53 11.14,4.59 -1.61,5.09 -6.34,20.88 -7.08,30.31 -1.58,20.39 -1.97,33.22 -0.54,47.52",
    },

    Ы: {
      el: 2,
      path: "M54.42 76.13c-21.14,6.13 -42.32,13.42 -49.41,29.98 -7.56,17.64 8.14,29.78 20.38,20.46 6.06,-4.62 10.1,-13.62 11.31,-22.87 0.89,-6.87 -0.1,-14.91 -1.98,-21.11m0 0c-3.42,-11.31 -13.05,-22.68 -27.32,-19.92m-0.99 28.34c-1.04,-15.98 -0.3,-38.17 8.36,-67.01m46.93 -0.28c-3.32,20.95 -6.64,41.9 -7.77,58.58 -1.13,16.67 -0.08,29.05 1.97,37.1 2.05,8.05 5.1,11.77 8.15,15.49",
    },

    Ь: {
      el: 1,
      path: "M7.14 99.97c-0.6,6.27 -1.2,12.54 0.19,18.17 1.4,5.62 4.79,10.6 10.53,12.96 5.74,2.36 13.82,2.1 19.88,-2.52 6.06,-4.62 10.1,-13.62 11.31,-22.87 1.2,-9.25 -0.43,-18.76 -4.02,-26.2 -6.59,-13.64 -17.18,-16.73 -26.11,-14.66 -9.77,2.27 -17.52,10.69 -15.6,17.6 0.64,2.31 2.35,4.05 5.29,4.44m12.46 26.96c-1.99,-16.3 -4.27,-31.28 -2.32,-48.96m0 -0c1.31,-11.84 4.25,-23.16 6.83,-29.5 2.01,-4.95 3.12,-7.49 5.58,-9.39",
    },

    Э: {
      el: 2,
      path: "M21.34 58.76c-2.1,-8.58 -0.34,-19.4 4.08,-26.65 4.42,-7.25 11.51,-10.92 16.97,-7.22 5.47,3.69 9.31,14.74 11.47,25.57 2.16,10.82 2.63,21.42 1.94,32.91 -0.7,11.49 -2.56,23.87 -7.6,33.85 -5.04,9.98 -13.25,17.54 -20.14,17.93 -5.5,0.31 -10.17,-3.95 -13.47,-9.82m0 0c-0.83,-1.48 -1.58,-3.07 -2.23,-4.71 -3.23,-8.14 -6.28,-18.04 -5.01,-27.13 1.85,-13.18 17.23,-15.83 20.57,-1.92 3.34,13.91 -13.64,37.45 -24.88,43.34m53.06 -62.45c-5.73,2.62 -12.67,3.79 -18.2,2.8",
    },

    Ю: {
      el: 2,
      path: "M34.83 105.79c5.88,-2.43 10.95,-4.32 17.64,-9.15m-49.43 -27.82c1.65,1.87 3.3,3.73 6.33,4.49 3.03,0.76 7.43,0.4 10.89,-1.86 3.46,-2.26 5.99,-6.43 7.81,-12.58 1.83,-6.15 2.94,-14.26 4.21,-18.58 2.42,-8.28 14.65,-6.53 11.14,4.59 -1.61,5.09 -5.43,16.19 -7.44,25.44 -2.01,9.26 -2.72,18.9 -2.3,29.24 0.41,10.33 1.95,21.34 3.49,32.34m14.37 -74.52c3.94,-28.37 30.52,-41.06 37.97,-20.68 3.12,8.53 4.04,22.1 1.97,38.24 -2.06,16.14 -7.11,34.86 -11.51,44.86 -4.4,10 -8.16,11.3 -11.88,11.39 -3.71,0.09 -7.38,-1.02 -10.59,-8.36 -4.23,-9.66 -5.72,-23.64 -4.77,-34.26 0.83,-9.34 2.69,-18.96 6.95,-27.77 5.22,-10.8 19.47,-8.82 15.74,6.14 -3.73,14.95 -18.3,26.02 -22.95,29.7",
    },

    Я: {
      el: 2,
      path: "M44.64 51.17c-0.78,-11.53 -7.65,-21.79 -12.11,-24.41 -4.46,-2.62 -9.65,-1.99 -13.31,1.72 -3.66,3.71 -5.79,10.52 -5.76,17.77 0.08,15.52 5.43,44.42 39.86,40.39m-10.12 0.22c-12.31,12.27 -10.55,18.23 -17.2,36.49 -4.65,12.78 -16.36,16.83 -22.98,3.08m83.96 -63.26c-1.96,1.54 -3.91,3.08 -7.02,3.29 -3.11,0.21 -7.38,-0.92 -10.39,-3.76 -3.01,-2.84 -4.75,-7.39 -5.45,-13.77 -0.71,-6.37 -0.37,-14.56 -0.84,-19.03 -0.91,-8.58 -13.26,-9.02 -11.78,2.54 4.94,38.65 1.73,49.92 -0.73,86.75",
    },

    а: {
      el: 1,
      path: "M40.22 75.7c0.18,-3.99 0.37,-7.98 -1,-10.86 -1.37,-2.88 -4.3,-4.65 -7.47,-5.45 -3.16,-0.8 -6.56,-0.62 -10.7,1.67 -4.13,2.29 -8.99,6.67 -12.27,12.22 -3.28,5.54 -4.98,12.24 -5.54,17.85 -0.57,5.61 -0,10.14 2.3,13.35 2.31,3.21 6.36,5.1 9.54,4.3 3.18,-0.8 5.5,-4.31 7.21,-7.68 1.72,-3.38 2.84,-6.63 3.9,-9.81 0.37,-1.12 0.75,-2.23 1.14,-3.25 2.2,-5.84 9.46,-3.94 8.6,1.87 -0.2,1.37 -0.53,2.86 -0.81,4.41 -0.6,3.31 -2.09,11.68 1.15,13.95 1.16,0.82 2.86,1.15 4.5,0.72 1.64,-0.44 3.22,-1.66 4.72,-4.39 1.5,-2.74 2.92,-7 3.76,-10.88 0.83,-3.88 1.07,-7.37 1.32,-10.86",
    },

    б: {
      el: 1,
      path: "M3.03 98.92c19.67,-9.46 28.58,-14.25 34.43,-25.48 6.87,-13.18 -5.65,-20.36 -15.53,-7.42 -3.76,4.93 -7.63,15.13 -7.86,22.01 -0.08,2.43 -0.16,3.16 0.26,5.3m0 0c0.76,3.92 2.54,8.86 4.55,11.28 3.12,3.74 7.43,5.25 11.88,4.04 4.45,-1.22 9.03,-5.16 12.47,-9.95 3.44,-4.79 20.82,-39.56 -2.06,-51.63 -19.48,-10.27 -25.36,-20.49 -24.19,-31.46 1.34,-12.49 11.14,-15.33 17.34,-10.06 6.97,5.92 12.2,28.04 29.75,3.64",
    },

    в: {
      el: 1,
      path: "M6.11 73.55c9.42,-5.88 17.97,-12.73 24.12,-21.06 6.15,-8.33 8.81,-17.39 9.42,-22.51 0.61,-5.12 -0.81,-6.32 -2.19,-7.41 -1.38,-1.1 -2.7,-2.1 -4.92,-1.64 -2.22,0.46 -5.34,2.38 -9.37,7.46 -4.04,5.09 -8.99,13.34 -12.43,22.88 -3.44,9.54 -5.37,20.36 -6.51,28.94 -1.15,8.58 -1.51,14.91 -0.89,19.58 0.62,4.68 2.22,7.71 4.38,8.79 2.16,1.09 4.86,0.24 5.79,-2.99 0.93,-3.23 0.08,-8.85 1.1,-14.78 1.02,-5.93 3.91,-12.16 7.48,-16.65 3.57,-4.48 7.81,-7.21 12.15,-7.27 4.35,-0.06 8.79,2.56 8.65,12.31 -0.03,1.9 -0.2,3.84 -0.54,6.17m0 0c-1.33,9.08 -5.4,25.57 -11.11,33.01 -5.3,6.9 -13.63,3.5 -10.57,-5.88 3.66,-11.2 11.56,-22.21 22.31,-27.45 4.88,-2.38 10.24,-3.94 15.59,-5.5",
    },

    г: {
      el: 1,
      path: "M3.03 83.76c2.38,-17.64 9.74,-23.8 13.61,-24.64 3.88,-0.83 8.12,2.58 8.18,8.7 0.06,6.12 -4.07,14.95 -6.66,22.35 -2.59,7.4 -3.65,13.36 -1.87,16.52 1.77,3.16 6.38,3.53 9.71,0.55 3.33,-2.98 5.37,-9.31 6.66,-13.9 1.3,-4.59 1.85,-7.43 2.4,-10.27",
    },

    д: {
      el: 2,

      path: "M50.6 72.44c-1.78,-16.92 -18.97,-16.51 -29.14,-8.99 -5.28,3.9 -10.15,10.99 -12.65,18.07 -2.49,7.08 -2.61,14.14 -0.42,18.74 2.19,4.61 6.69,6.76 10.6,6.63 3.92,-0.14 7.4,-2.46 9.72,-5.51 3.94,-5.16 3.45,-12.33 4.4,-16.61 1.51,-6.8 9.79,-5.86 9.95,0.41 0.07,2.66 0.02,6.58 -0.95,12.46 -0.73,4.43 -1.37,7.84 -2.35,12.33m0 0c-1.46,6.68 -3.41,14.44 -5.29,20.83 -3.12,10.57 -6.33,18.14 -9.79,23.14 -3.46,5 -7.18,7.43 -11.31,7.43 -4.13,0 -8.67,-2.43 -9.95,-7.64 -1.28,-5.21 0.69,-13.19 4.56,-19.4 3.88,-6.21 9.65,-10.66 16.95,-15.57 4.12,-2.77 10.1,-6.38 14.83,-8.79 10.98,-5.59 15.28,-15.02 19.16,-27.08",
    },

    е: {
      el: 1,
      path: "M4.42 93.79c5.98,-1.43 11.88,-2.94 16.44,-5.87 4.81,-3.09 8.11,-7.77 9.62,-12.45 1.51,-4.68 1.24,-9.36 -0.77,-12.42 -2.01,-3.06 -5.75,-4.51 -9.64,-3.82 -3.9,0.69 -7.96,3.51 -11.18,8.82 -3.22,5.31 -5.6,13.11 -5.83,19.99 -0.23,6.88 1.7,12.84 4.82,16.58 3.12,3.74 7.43,5.25 11.88,4.04 4.45,-1.22 9.03,-5.16 12.47,-9.95 3.44,-4.79 5.73,-10.43 8.03,-16.07",
    },

    ё: {
      el: 3,
      path: "M4.42 93.79c5.98,-1.43 11.88,-2.94 16.44,-5.87 4.81,-3.09 8.11,-7.77 9.62,-12.45 1.51,-4.68 1.24,-9.36 -0.77,-12.42 -2.01,-3.06 -5.75,-4.51 -9.64,-3.82 -3.9,0.69 -7.96,3.51 -11.18,8.82 -3.22,5.31 -5.6,13.11 -5.83,19.99 -0.23,6.88 1.7,12.84 4.82,16.58 3.12,3.74 7.43,5.25 11.88,4.04 4.45,-1.22 9.03,-5.16 12.47,-9.95 3.44,-4.79 5.73,-10.43 8.03,-16.07",
    },

    ж: {
      el: 2,
      path: "M73.84 74.09c-1.74,3.12 -3.48,6.24 -3.85,8.85 -0.37,2.61 0.63,4.71 2.08,5.87 1.46,1.17 3.37,1.39 5.54,-0.05 2.17,-1.44 4.62,-4.54 6.35,-9.24 1.73,-4.7 2.75,-10.98 1.84,-14.79 -1.63,-6.85 -9.64,-6.81 -14.44,-3.86 -9.35,5.77 -13.43,18.51 -14.31,29.52 -0.84,10.56 4.38,20.4 15.43,18.59 10.97,-1.8 16.98,-16.73 20.92,-26.39m-89.16 -6.46c0.3,-2.29 0.59,-4.59 1.91,-7.45 1.32,-2.86 3.65,-6.29 6.77,-8.01 3.12,-1.72 7.03,-1.72 10.42,-0.6 3.4,1.12 6.28,3.36 7.77,8.74 1.03,3.72 1.36,8.12 1.07,12.6m0 0c-0.46,7.22 -2.53,14.67 -5.87,19.92 -10.26,16.13 -30.43,6.63 -20.72,-10.28 10.61,-18.47 50.93,-5.56 50.93,-5.56m-8.95 -24.59l-2.59 21.84m0 0l-2.56 21.61",
    },

    з: {
      el: 3,
      path: "M41.47 100.31c9.11,-5.38 13.3,-8.63 19.11,-17.27m-49.43 3.4c-0.83,-3.49 -1.65,-6.97 -0.18,-11.55 1.47,-4.58 5.23,-10.26 9.2,-13.46 3.97,-3.21 8.14,-3.94 10.93,-2.29 2.8,1.65 4.22,5.67 0.99,13.41 -3.23,7.75 -11.12,19.21 -19.01,30.68m12.17 -17.16c4.22,-0.56 8.2,-0.83 9.78,-0.53 10.91,2.06 5.5,22.67 3.35,29.28 -2.59,7.96 -6.58,16.57 -11.52,22.86 -4.93,6.28 -10.8,10.24 -15.23,11.39 -4.43,1.15 -7.41,-0.5 -8.3,-4.04 -0.89,-3.54 0.3,-8.96 3.58,-14.95 3.28,-5.99 8.65,-12.53 15.48,-17.89 6.83,-5.36 13.32,-8.47 19.08,-11.88",
    },

    и: {
      el: 1,
      path: "M32.48 58.96c-2.44,10.88 -4.88,21.77 -6.62,30.19 -1.75,8.43 -2.8,14.39 -1.03,17.55 1.77,3.16 6.38,3.53 9.71,0.55 3.33,-2.98 5.37,-9.31 6.66,-13.9 1.3,-4.59 1.85,-7.43 2.4,-10.27m-33.08 -24.12c-2,7.67 -4.01,15.35 -5.63,22.17 -1.62,6.82 -2.85,12.78 -0.78,15.95 2.07,3.16 6.85,3.84 11.14,1.48 1.62,-0.89 5.58,-3.61 9.31,-6.54",
    },

    й: {
      el: 2,
      path: "M32.48 58.96c-2.44,10.88 -4.88,21.77 -6.62,30.19 -1.75,8.43 -2.8,14.39 -1.03,17.55 1.77,3.16 6.38,3.53 9.71,0.55 3.33,-2.98 5.37,-9.31 6.66,-13.9 1.3,-4.59 1.85,-7.43 2.4,-10.27m-33.08 -24.12c-2,7.67 -4.01,15.35 -5.63,22.17 -1.62,6.82 -2.85,12.78 -0.78,15.95 2.07,3.16 6.85,3.84 11.14,1.48 1.62,-0.89 5.58,-3.61 9.31,-6.54",
    },

    к: {
      el: 2,
      path: "M4.9 58.62c-1.11,9.93 -1.65,20.54 -1.81,28.36 -0.26,12.84 0.5,18.16 2.38,20.61 1.89,2.44 4.92,2.02 6.38,-0.09 1.47,-2.11 1.38,-5.9 1.33,-11.08 -0.05,-5.17 -0.05,-11.73 2.87,-18.91 2.91,-7.18 8.74,-14.97 13.9,-17.54 5.16,-2.57 9.65,0.09 11.24,3.92m-26.7 18.39c10.88,1 14.33,4 13.39,11.65 -0.63,5.13 -4.44,13.25 -3.96,17.9 0.48,4.66 4.17,5.87 8.35,3.83 4.17,-2.04 8.83,-7.34 11.77,-13.33 2.94,-5.99 4.18,-12.69 5.42,-19.39",
    },

    л: {
      el: 1,
      path: "M26.88 77.59c-4.08,7.91 -8.68,17.85 -10.25,24.32 -1.76,7.26 -0.1,10.91 2.36,12.61 2.45,1.7 5.7,1.46 8.49,-0.72 2.79,-2.19 5.13,-6.33 6.55,-11.64 1.42,-5.3 1.93,-11.77 0.85,-16.24 -2.23,-9.24 -13.35,-11.04 -20.55,-6.65 -4.24,2.59 -7.77,7.68 -11.31,12.77m45.49 14.82c2.06,-5.87 4.13,-11.74 4.91,-18.56 0.78,-6.82 0.28,-14.58 -0.89,-20.08 -1.16,-5.5 -2.98,-8.73 -5.17,-10.55 -2.19,-1.82 -4.76,-2.23 -7.93,0.54 -4.67,4.1 -9.62,13.66 -12.57,19.38",
    },

    м: {
      el: 1,
      path: "M26.88 77.59c-4.08,7.91 -8.68,17.85 -10.25,24.32 -1.76,7.26 -0.1,10.91 2.36,12.61 2.45,1.7 5.7,1.46 8.49,-0.72 2.79,-2.19 5.13,-6.33 6.55,-11.64 1.42,-5.3 1.93,-11.77 0.85,-16.24 -2.23,-9.24 -13.35,-11.04 -20.55,-6.65 -4.24,2.59 -7.77,7.68 -11.31,12.77m23.85 -14.45c2.95,-5.72 7.89,-15.28 12.57,-19.38 3.16,-2.77 5.73,-2.36 7.93,-0.54 4.75,3.95 5.53,12.56 4.66,21.18 -0.8,7.97 -1.83,14.32 -1.19,19.24 1.07,8.29 11.42,8.05 12.19,0.55 0.7,-6.73 -0.83,-12.08 0.64,-19.71 0.91,-4.74 2.7,-10.6 5.33,-14.52 2.62,-3.92 6.09,-5.9 9.78,-5.46 3.69,0.44 7.61,3.31 7.51,9.16 -0.11,5.85 -4.23,14.68 -6.82,22.07 -2.59,7.4 -3.65,13.36 -1.87,16.52 1.77,3.16 6.38,3.53 9.71,0.55 3.33,-2.98 5.37,-9.31 6.66,-13.9 1.3,-4.59 1.85,-7.43 2.4,-10.27",
    },

    н: {
      el: 3,
      path: "M10.41 59.81c-1.55,9.31 -5.89,26.72 -7.38,45.5m30.63 -41.72c-2.52,10.14 -5.12,19.85 -6.29,23.68 -2.59,8.53 -3.65,15.4 -1.87,19.04 1.77,3.65 6.38,4.07 9.71,0.63 3.33,-3.44 5.37,-10.73 6.66,-16.02 1.3,-5.29 1.85,-8.56 2.4,-11.84m-37.45 4.85l20.55 3.33",
    },

    о: {
      el: 3,
      path: "M12.94 75.3c-2.2,7.89 -4.07,15.78 -4.27,21.42 -0.45,13.02 11.04,14.78 18.21,4.61 5.95,-8.43 8.08,-22.79 5.18,-32.52 -1.61,-5.38 -4.72,-7.62 -8.39,-8.74 -3.67,-1.12 -7.89,-1.12 -11.26,0.6 -3.37,1.72 -5.89,5.15 -7.32,8.01 -1.42,2.86 -1.74,5.15 -2.06,7.45",
    },

    п: {
      el: 1,
      path: "M5.58 66.15c-1.55,8.08 -5.51,29.87 1.4,36.69 1.99,1.96 5.2,1.39 6.59,-1.02 1.39,-2.41 0.96,-6.65 0.77,-10.59 -0.19,-3.94 -0.16,-7.55 0.76,-12.3 0.91,-4.74 2.7,-10.6 5.33,-14.52 2.62,-3.92 6.09,-5.9 9.78,-5.46 3.69,0.44 7.61,3.31 7.51,9.16 -0.11,5.85 -4.23,14.68 -6.82,22.07 -2.59,7.4 -3.65,13.36 -1.87,16.52 1.77,3.16 6.38,3.53 9.71,0.55 3.33,-2.98 5.37,-9.31 6.66,-13.9 1.3,-4.59 1.85,-7.43 2.4,-10.27",
    },

    р: {
      el: 2,
      path: "M35.1 90.9c-0.39,1.53 -0.78,2.86 -1.24,4.24 -1.93,5.82 -4.31,9.93 -6.78,12.29 -2.47,2.36 -5.01,2.97 -7.35,2.48 -2.34,-0.5 -4.47,-2.1 -5.26,-4.78 -0.79,-2.68 -0.24,-6.44 3.02,-9.01 3.26,-2.57 9.22,-3.94 14.54,-4.77 5.32,-0.83 10,-1.1 13.62,-2.43 3.62,-1.33 6.19,-3.71 8.76,-6.1m-44.58 -23.85c-2.84,15.56 -5.69,31.12 -6.51,43.07 -0.83,11.95 0.37,20.28 1.56,28.61m3.46 -58.11c7.13,-6.07 11.79,-10.71 15.31,-12.15 3.52,-1.43 7.1,-1.43 9.62,1.12 2.52,2.55 3.99,7.66 3.99,13.97 0,4.82 -0.89,10.48 -2.15,15.41",
    },

    с: {
      el: 1,
      path: "M21.25 74.09c-1.88,3.12 -3.76,6.24 -4.16,8.85 -0.4,2.61 0.68,4.71 2.25,5.87 1.57,1.17 3.64,1.39 5.99,-0.05 2.35,-1.44 4.99,-4.54 6.86,-9.24 1.87,-4.7 2.97,-10.98 1.99,-14.79 -1.76,-6.85 -10.41,-6.81 -15.59,-3.86 -10.1,5.77 -14.51,18.51 -15.45,29.52 -0.9,10.56 4.74,20.4 16.66,18.59 11.85,-1.8 18.34,-16.73 22.59,-26.39",
    },

    т: {
      el: 1,
      path: "M4.28 70.88c-1.04,6.41 -1.61,10.32 -0.99,17.12 0.63,6.8 2.92,13.98 5.21,21.17m25.19 -42.48c4.16,-4.27 7.52,-7.14 11.57,-7.64 4.05,-0.5 7.98,2.79 7.87,8.84 -0.1,6.05 -4.22,14.88 -6.82,22.28 -2.59,7.4 -3.65,13.36 -1.87,16.52 1.77,3.16 6.38,3.53 9.71,0.55 3.33,-2.98 5.37,-9.31 6.66,-13.9 1.3,-4.59 1.85,-7.43 2.4,-10.27m-58.5 8.62c3.09,-5.43 5.22,-8.72 8.67,-16.71 3.45,-7.99 8.5,-14.57 12.5,-15.77 4,-1.21 6.97,2.96 6.99,8.87 0.02,5.91 -2.9,13.54 -4.22,20.68 -1.32,7.14 -1.05,13.77 -0.77,20.41",
    },

    у: {
      el: 2,
      path: "M44.49 105.18c-1.33,6.02 -2.95,11.5 -5.43,18.14 -4.54,12.2 -11.33,25.68 -17.52,32.47 -6.19,6.79 -11.79,6.88 -15.04,4.77 -3.26,-2.11 -4.17,-6.42 -2.94,-12.02 1.24,-5.6 4.63,-12.47 9.86,-19.25 5.23,-6.78 12.29,-13.45 20.55,-18.5 8.26,-5.04 17.7,-8.46 23.67,-13.06 5.96,-4.6 8.44,-10.37 10.92,-16.15m-49.26 -22.63c-2.52,2.5 -5.04,5 -7.56,9.79 -2.51,4.79 -5.01,11.88 -5.91,19 -0.89,7.12 -0.18,14.28 2.1,17.85 2.28,3.58 6.14,3.58 10.73,0.85 4.6,-2.73 9.94,-8.19 13.09,-14.94 3.15,-6.76 4.11,-14.8 4.6,-20.45 0.17,-2.03 0.27,-3.75 0.45,-5.19 0.75,-6.25 7.97,-7.28 9.83,-1.44 1.89,5.06 1.66,14.76 0.46,25.27 -0.54,4.79 -1.49,10.45 -2.6,15.49",
    },

    ф: {
      el: 3,
      path: "M40.1 108.17c2.97,3.06 5.97,5.99 9.33,7.11 3.63,1.21 7.69,0.31 10.78,-3.21 3.09,-3.52 5.22,-9.66 5.85,-16.75 0.64,-7.09 -0.22,-15.13 -1.75,-20.47 -1.53,-5.35 -3.74,-8 -6.74,-9.02 -7.36,-2.49 -15.24,7.86 -19,13.18m0 0c-9.36,13.22 -18.05,47.29 -19.77,64.14 -1.93,19.04 12.97,18.69 16.3,7.41 1.48,-5.02 2.64,-12.72 3.44,-23.96 0.84,-11.76 1.46,-35.67 -0.59,-54.35 -2.38,-21.61 -18.2,-26.14 -31.68,11.53 -13.48,37.67 19.9,35.31 13.27,2.57",
    },

    х: {
      el: 3,
      path: "M67.92 49.29c-12.03,2.84 -31.94,42.61 -38.67,54.47 -6.79,11.97 -10.55,14.17 -13.76,14.86 -3.21,0.69 -9.46,0.39 -12.46,-4.63m11.09 -34.56c2.57,-6.97 4.03,-10.94 7.38,-15.28 3.35,-4.34 7.48,-6.05 11.19,-5.18 6.35,1.49 8.91,9.86 10.65,19.54m0 0c1.41,7.87 2.34,16.9 3.89,21.48 2.38,7.01 6.24,7.92 9.49,6.26 6.47,-3.28 11.16,-17.35 13.68,-24.36",
    },

    ц: {
      el: 1,
      path: "M10.53 58.96c-2,7.67 -4.01,15.35 -5.63,22.17 -1.62,6.82 -2.85,12.78 -0.78,15.95 2.07,3.16 6.85,3.84 11.14,1.48 1.62,-0.89 5.58,-3.61 9.31,-6.54m7.91 -33.05c-2.44,10.88 -4.32,19.1 -6.06,27.52 -1.75,8.43 -2.23,11.02 0.76,14.09 3.5,3.59 12.62,4.52 2.36,18.01",
    },

    ч: {
      el: 1,
      path: "M17.86 53.5c-0.28,-2.48 -0.55,-4.95 -2.13,-6.49 -1.58,-1.54 -4.47,-2.13 -6.81,-1.17 -2.34,0.96 -4.13,3.49 -5.09,6.83 -0.96,3.35 -1.1,7.52 -0.1,10.69 1,3.16 3.13,5.32 5.67,6.28 2.55,0.96 5.5,0.73 8.74,-1.93 3.23,-2.66 6.74,-7.75 10.62,-8.59 3.88,-0.83 8.12,2.58 8.18,8.7 0.06,6.12 -4.07,14.95 -6.66,22.35 -2.59,7.4 -3.65,13.36 -1.87,16.52 1.77,3.16 6.38,3.53 9.71,0.55 3.33,-2.98 5.37,-9.31 6.66,-13.9 1.3,-4.59 1.85,-7.43 2.4,-10.27",
    },

    ш: {
      el: 1,
      path: "M54.23 58.96c-2.44,10.88 -4.88,21.77 -6.62,30.19 -1.75,8.43 -2.8,14.39 -1.03,17.55 1.77,3.16 6.38,3.53 9.71,0.55 3.33,-2.98 5.37,-9.31 6.66,-13.9 1.3,-4.59 1.85,-7.43 2.4,-10.27m-33.08 -24.12c-2,7.67 -4.01,15.35 -5.63,22.17 -1.62,6.82 -2.85,12.78 -0.78,15.95 2.07,3.16 6.85,3.84 11.14,1.48 1.62,-0.89 5.58,-3.61 9.31,-6.54m-35.8 -36.9c-2,7.67 -4.01,15.35 -5.63,22.17 -1.62,6.82 -2.85,12.78 -0.78,15.95 2.07,3.16 6.85,3.84 11.14,1.48 1.62,-0.89 5.58,-3.61 9.31,-6.54",
    },

    щ: {
      el: 1,
      path: "M54.23 58.96c-2.44,10.88 -4.32,19.1 -6.06,27.52 -1.75,8.43 -2.23,11.02 0.76,14.09 3.5,3.59 12.62,4.52 2.36,18.01m-19.01 -59.62c-2,7.67 -4.01,15.35 -5.63,22.17 -1.62,6.82 -2.85,12.78 -0.78,15.95 2.07,3.16 6.85,3.84 11.14,1.48 1.62,-0.89 5.58,-3.61 9.31,-6.54m-35.8 -36.9c-2,7.67 -4.01,15.35 -5.63,22.17 -1.62,6.82 -2.85,12.78 -0.78,15.95 2.07,3.16 6.85,3.84 11.14,1.48 1.62,-0.89 5.58,-3.61 9.31,-6.54",
    },

    ъ: {
      el: 1,
      path: "M20.81 82.86c9.68,-7.83 17.18,-7.64 20.07,1.31 2.08,6.43 -0.65,15 -1.68,17.14 -2.16,4.48 -4.54,6.54 -7.57,7.05 -3.03,0.5 -6.7,-0.56 -9.17,-4.39 -2.48,-3.83 -3.76,-10.44 -2.89,-18.28 0.71,-6.35 2.83,-13.51 5.21,-20.82 2.39,-7.31 -10.2,-11.89 -13.62,-4.19 -3.42,7.71 0.64,16.91 -8.13,24.61",
    },
    ы: {
      el: 1,
      path: "M42.26 58.96c-2.44,10.88 -4.88,21.77 -6.62,30.19 -1.75,8.43 -2.8,14.39 -1.03,17.55 1.77,3.16 6.38,3.53 9.71,0.55 3.33,-2.98 5.37,-9.31 6.66,-13.9 1.3,-4.59 1.85,-7.43 2.4,-10.27m-43.16 -25.18c-3.03,9.44 -6.05,18.88 -6.93,26.83 -0.87,7.94 0.41,14.39 2.89,17.93 2.48,3.53 6.15,4.15 9.17,3.28 3.03,-0.87 5.41,-3.23 7.57,-7.97 1.03,-2.26 3.76,-11.16 1.68,-17.34 -2.9,-8.6 -10.39,-7.88 -20.07,1.13",
    },

    ь: {
      el: 1,
      path: "M10.23 59.7c-3.03,9.08 -6.05,18.15 -6.93,25.99 -0.87,7.84 0.41,14.44 2.89,18.28 2.48,3.83 6.15,4.89 9.17,4.39 3.03,-0.5 5.41,-2.57 7.57,-7.05 1.03,-2.14 3.76,-10.71 1.68,-17.14 -2.9,-8.95 -10.39,-9.14 -20.07,-1.31",
    },

    э: {
      el: 2,
      path: "M3.03 103.45c4.6,6.75 11.52,6.81 16.31,3.86 9.35,-5.77 13.43,-18.51 14.31,-29.52 0.84,-10.56 -4.39,-20.4 -15.43,-18.59 -6.08,1 -10.64,6.04 -14.17,11.97m11.16 14.02l16.25 -1.71",
    },

    ю: {
      el: 3,
      path: "M6.31 57.92c4.47,15.84 -0.26,38.77 -3.28,50.75m4.88 -26.85c7.16,1.06 10.08,1.99 11.36,13.23 0.51,7.77 3.97,11.94 8.07,12.89 4.93,1.13 10.77,-2.4 13.53,-9.98 2.01,-5.51 3.95,-13.7 4.08,-20.1 0.13,-6.4 -1.57,-11 -3.87,-14.12 -5.43,-7.34 -13.44,-5.13 -16.92,-0.17 -2.05,2.92 -2.78,7.11 -1.75,11.34 2.28,9.4 10.11,14.35 19.21,18.21",
    },

    я: {
      el: 2,
      path: "M3.03 87.92c0.62,5.98 1.24,11.96 3.02,15.73 1.78,3.77 4.71,5.32 8.45,4.34 3.73,-0.97 7.71,-4.96 10.66,-16.73m6.43 -0.21c-12.63,-0.78 -25.7,-6.81 -18.49,-23.17 4.57,-10.35 23.59,-17.33 21.09,6.32 -1.06,10.07 -1.59,21.94 -1.52,25.64 0.21,11.13 7.23,12.84 12.04,5.75 2.57,-3.78 4.6,-9.71 6.06,-21.9",
    },
    A: {
      el: 3,
      path: "M77.26 64.82c-1.43,11.65 -5.21,14.08 -16.8,16.17m0 0c-6.85,1.23 -16.35,2.03 -23.51,3.18 -7.15,1.15 -12.13,2.67 -15.85,6.12 -3.72,3.44 -6.2,8.81 -7.26,13.35 -1.06,4.54 -0.69,8.26 1.08,10.41 1.77,2.16 4.93,2.75 7.65,0.64 2.71,-2.11 4.98,-6.94 6.35,-11.53 1.36,-4.59 1.82,-8.95 1.77,-12.84 -0.02,-1.55 -0.2,-3.36 -0.46,-4.73m0 0c-0.4,-2.08 -1.11,-3.58 -2.56,-5.08 -2.39,-2.49 -6.61,-4.05 -10.9,-1.97 -4.29,2.09 -8.65,7.82 -11.24,16.05 -2.59,8.23 -3.42,18.96 -1.19,27.13 2.23,8.17 7.51,13.77 14.07,13.19 6.56,-0.58 14.4,-7.35 20.9,-25.51 2.83,-7.89 5.06,-16.37 7.29,-26.5m0 0c2.92,-13.2 5.6,-28.13 7.17,-37.13 1.76,-10.09 2.53,-14.68 3.1,-17.05 1.88,-7.9 12.57,-5.88 11.75,2.56 -0.16,1.68 -0.65,4.84 -1.5,8.95 -1.45,7.04 -3.93,18.98 -5.64,32.01 -1.71,13.03 -2.65,27.16 -1.69,37.8 0.95,10.64 3.8,17.79 7.41,21.5 3.61,3.7 8,3.94 11.31,2.89 3.3,-1.05 5.52,-3.41 7.73,-5.77",
    },
    B: {
      el: 4,
      path: "M3.03 57.07c1.65,1.87 3.3,3.73 6.33,4.49 3.03,0.76 7.43,0.4 10.89,-1.86 3.46,-2.26 5.99,-6.43 7.81,-12.58 1.83,-6.15 2.63,-13.09 3.89,-17.41 2.42,-8.28 14.44,-5.45 10.94,5.66 -1.61,5.09 -4.91,13.94 -6.91,23.19 -2,9.26 -2.71,18.9 -2.3,29.24 0.41,10.33 1.95,21.34 3.49,32.34m8.61 -69.19c5.48,-19.22 16.82,-32.04 26.83,-23.93 6.21,5.04 6.36,14.08 2.62,21.54 -4.74,9.45 -20.02,23.56 -28.03,31.31m17.72 -16.79c10.99,-0.67 19.33,3.18 22.09,9.82 4.34,10.42 1.31,27.89 -14.88,45.29 -8.31,8.93 -21.49,15.9 -34.26,16.08 -26.11,0.39 -38.7,-29.86 -14.87,-38.41",
    },
    C: {
      el: 1,
      path: "M20.58 34.61c-5.78,1.56 -11.49,3.53 -14.86,9.37 -3.37,5.85 -4.32,16.08 1.63,22.63 2.08,2.3 4.64,4.02 8.06,5.43m0 0c6.35,2.62 14.76,3.79 22.14,2.8 11.36,-1.53 21.17,-7.91 26.88,-16.49 5.71,-8.58 7.32,-19.4 4.27,-26.65 -3.05,-7.25 -10.75,-10.92 -19.01,-7.22 -8.26,3.69 -17.06,14.74 -23.64,25.57 -6.58,10.82 -10.94,21.42 -14.13,32.91 -3.19,11.49 -5.21,23.87 -2.34,33.85 2.87,9.98 10.62,17.54 19.24,17.93 8.62,0.39 18.12,-6.4 25.11,-14.54 6.99,-8.14 11.49,-17.63 15.98,-27.13",
    },
    D: {
      el: 1,
      path: "M3.03 57.07c1.65,1.87 3.3,3.73 6.33,4.49 3.03,0.76 7.43,0.4 10.89,-1.86 3.46,-2.26 5.99,-6.43 7.81,-12.58 1.83,-6.15 2.94,-14.26 4.21,-18.58 2.42,-8.28 14.02,-6.1 10.51,5.02 -1.61,5.09 -4.8,15.76 -6.8,25.01 -2,9.26 -2.72,18.9 -2.3,29.24 0.41,10.33 1.95,21.34 3.49,32.34m7.01 -53.85c0.37,-11.1 3.73,-25.83 9.71,-32.41 5.98,-6.58 11.57,-8.65 16.75,-9.24 5.18,-0.6 9.95,0.28 12.93,5.62 2.98,5.34 4.17,15.16 3.16,27.22 -1.01,12.06 -4.22,26.37 -9.4,38.48 -5.18,12.11 -12.34,22.01 -18.48,28.05 -6.15,6.03 -11.28,8.18 -16.74,9.26 -5.46,1.08 -11.24,1.08 -16.42,-1.65 -5.18,-2.73 -9.77,-8.18 -11.37,-13.16 -1.61,-4.98 -0.23,-9.47 2.06,-12.13 2.29,-2.66 5.5,-3.49 8.71,-4.31",
    },
    E: {
      el: 2,
      path: "M19.04 55.34c7.98,1.93 18.68,0.77 27.66,-3.36 8.99,-4.13 16.79,-11.1 19.54,-16.14 2.75,-5.04 0.46,-8.16 -2.84,-9.95 -3.3,-1.79 -7.61,-2.25 -13.67,-0.69 -6.05,1.56 -13.85,5.14 -20.13,11.72 -6.28,6.58 -11.05,16.17 -11.05,22.22 0,6.05 4.77,8.58 11.6,8.58 6.83,0 15.73,-2.52 24.63,-5.05m-22.39 4.97c-13.79,11.4 -31.26,28.88 -27.21,48.47 1.56,7.54 5.8,12.52 11.88,15.65 6.08,3.13 13.99,4.42 21.14,2.1 7.15,-2.32 13.55,-8.24 17.79,-15.22 4.24,-6.98 6.33,-15.03 8.42,-23.07m-54.59 -68.64c-7.36,3.76 -7.54,12.32 -6.03,16.9 1.51,4.59 6.78,9.59 14.76,11.52",
    },
    F: {
      el: 2,
      path: "M13.77 75.45c4.04,-3.67 8.07,-7.34 15.82,-8.16 7.75,-0.83 19.22,1.19 25.55,0.6 7.16,-0.67 12.8,-8.23 9.93,-15.49m-49.65 81.96c4.98,-3 9.95,-6.01 14.03,-13.14 4.08,-7.13 7.27,-18.39 9.51,-31.63 1.02,-6.04 2.2,-15.92 2.83,-22.15m-0 0c0.76,-7.44 0.9,-11.11 1.15,-16.84 0.46,-10.52 0.11,-16.32 -0.24,-22.12m-18.86 20.19c-4.81,1.47 -9.62,2.94 -13.85,1.62 -4.22,-1.33 -7.86,-5.45 -6.77,-9.97 1.08,-4.52 6.87,-9.42 17.68,-11.2 10.8,-1.77 26.61,-0.39 37.7,0.34 11.09,0.74 17.48,0.83 21.6,-0.32 4.12,-1.16 4.78,-2 6.65,-4.41",
    },
    G: {
      el: 2,
      path: "M77.07 82.63c-4.33,8.39 -8.28,18.97 -14.94,24.8 -7.39,6.46 -18.56,5 -26.87,8.83 -8.31,3.83 -13.72,8.51 -14.94,14.61 -0.97,4.87 2.62,10.26 8.92,8.02 7.43,-2.65 14.88,-18.59 18.08,-25.76m0 0c5.46,-12.22 11.1,-27.55 14.27,-36.58 1.39,-3.97 2.22,-6.81 2.87,-8.83 1.93,-5.97 -5.68,-9.56 -8.96,-2.7 -0.66,1.38 -1.16,3.23 -1.93,5.46 -2.39,6.89 -6.13,17.84 -11.39,25.95 -5.26,8.11 -12.06,13.38 -18.58,12.97 -6.52,-0.41 -12.75,-6.49 -15.06,-14.52 -2.31,-8.02 -0.68,-17.98 1.88,-27.22 2.56,-9.24 6.07,-17.76 11.36,-26.46 5.29,-8.7 12.37,-17.59 19.01,-20.56 6.64,-2.97 12.84,-0.02 15.29,5.81 2.45,5.83 1.16,14.53 -3.43,21.43 -4.59,6.89 -12.48,11.99 -21.62,13.26 -6.05,0.84 -12.64,0.01 -17.79,-2.2m0 0c-2.62,-1.13 -4.88,-2.61 -6.49,-4.42 -7.16,-8 -3.59,-22.12 7.8,-24.8",
    },
    H: {
      el: 3,
      path: "M56.31 70.56c-1.56,14.9 -0.99,28.77 -0.11,37.76 0.87,8.99 1.97,13.72 3.58,17.21 1.61,3.49 3.88,5.94 6.26,6.93m-39.25 -104.78c-3.67,12.34 -5.12,20.17 -6.73,34.97 -0.59,5.46 -0.9,10.61 -0.97,16.3m0 0c-0.13,9.75 0.44,19.83 1.5,26.75 1.23,7.96 2.55,18.29 11.59,20.67m-27.11 -23.54c-1.65,-3.39 -3.3,-6.79 -0.55,-11.6 2.75,-4.82 9.91,-11.05 21.01,-15.04 11.1,-3.99 26.14,-5.73 36.41,-5.82 10.27,-0.09 15.78,1.47 21.28,3.03m-17.1 -53.93c-3.76,16.56 -8.25,36.19 -9.81,51.09",
    },
    I: {
      el: 3,
      path: "M15.69 23.18c1.38,20.95 2.75,41.9 2.34,58.58 -0.41,16.67 -2.61,29.05 -5.41,37.1 -2.8,8.05 -6.19,11.77 -9.59,15.49",
    },
    J: {
      el: 1,
      path: "M35.83 34.02c1.93,13.85 3.85,27.7 4.04,42.19 0.18,14.49 -1.38,29.63 -4.16,39.88 -2.78,10.25 -6.8,15.62 -11.79,17.59 -4.99,1.97 -10.95,0.55 -14.74,-1.95 -3.79,-2.5 -5.43,-6.08 -5.94,-9.4 -0.51,-3.32 0.08,-6.39 0.67,-9.45m6.05 -74.18c8.62,-1.56 17.24,-3.12 25.13,-5.09 7.89,-1.97 15.04,-4.36 19.31,-6.16 4.27,-1.81 5.64,-3.04 7.02,-4.27",
    },
    K: {
      el: 3,
      path: "M17.89 27.21c0.55,19.45 1.1,38.89 -0.18,56 -1.28,17.11 -4.4,31.87 -7.15,40.01 -2.75,8.13 -5.14,9.63 -7.52,11.13m29.23 -53.66c4.21,2.47 7.83,4.59 10.26,11.7 2.43,7.11 3.07,18.85 4.4,26.61 0.96,5.6 3.21,14.82 10.4,14.98 5.52,0.12 8.05,-5.71 9,-10.73m-7.15 -100.07c-2.2,10.33 -4.4,20.67 -8.62,30.1 -4.22,9.43 -10.46,17.96 -16.43,24.47 -5.97,6.51 -11.68,11 -17.39,15.5",
    },

    L: {
      el: 1,
      path: "M23.67 64.89c-1.1,12.74 0.99,25.63 0.01,37.96 -0.64,8.08 -3.64,11.41 -7.58,14.48 -2.63,2.05 -5.88,3.41 -8.37,4.8 -5.83,3.26 -3.07,10.99 3.65,9.22 3.65,-0.96 8.61,-2.54 13.96,-4.77 7.25,-3.02 15.32,-6.69 22.29,-7.87 6.97,-1.18 12.84,0.12 18.71,1.43m-57.1 -78.35c-1.97,1.1 -3.94,2.2 -5.14,4.77 -1.19,2.57 -1.61,6.6 -0.09,10.3 1.51,3.69 4.95,7.04 11.9,7.95 6.95,0.91 17.4,-0.62 25.02,-5.21 7.61,-4.59 12.38,-12.23 14.31,-18.81 1.93,-6.58 1.01,-12.1 -1.47,-14.86 -2.48,-2.76 -6.51,-2.76 -11.19,-0.37 -4.68,2.39 -10,7.18 -13.58,15.26 -2.79,6.3 -4.58,15.28 -5.33,24.07",
    },
    M: {
      el: 1,
      path: "M8.07 72.41c-2.06,-3.25 -4.13,-6.5 -4.79,-11.63 -0.66,-5.13 0.07,-12.16 2.06,-18.09 2.01,-5.96 10.23,-23.72 19.88,-15.66 2.48,2.08 3.03,6.93 1.65,14.23 -1.38,7.29 -5.14,17.47 -7.2,29.89 -2.06,12.42 -2.43,27.08 -1.1,37.99 1.33,10.91 4.36,18.06 7.38,25.22m22.59 -83.58c8.79,-6.92 10.53,-12.5 16.58,-20.53 2.65,-3.52 5.18,-5.85 7.68,-6.65 4.01,-1.28 7.96,1.38 6.83,9.61 -1.12,8.23 -7.32,22.04 -10.73,36.78 -3.42,14.74 -4.06,30.43 -2.04,41.31 2.02,10.88 6.7,16.97 11.37,23.06m-54.31 -81.5c10.34,-11.09 15.33,-13.39 18.17,-13.57 2.84,-0.18 5.87,2.2 6.03,8.14 0.16,5.94 -2.55,15.43 -3.42,24.49 -0.87,9.06 0.09,17.68 1.05,26.3",
    },

    N: {
      el: 1,
      path: "M7.42 80.35c-1.8,-2.83 -3.6,-5.66 -4.18,-10.14 -0.58,-4.48 0.06,-10.6 1.81,-16.18 1.75,-5.58 4.6,-10.63 6.95,-13.4 2.35,-2.77 4.21,-3.28 6.24,-3.15 2.03,0.13 4.23,0.9 5.78,3.21 1.54,2.3 2.42,6.14 1.22,12.5 -1.2,6.36 -4.48,15.23 -6.28,26.06 -1.8,10.83 -2.12,23.61 -0.96,33.12 1.16,9.51 3.8,15.74 6.44,21.98m2.04 -83.13c10.37,-9.76 20.18,-25.29 27.47,-27.62 4.01,-1.28 7.96,1.38 6.83,9.61 -1.12,8.23 -7.32,22.04 -10.73,36.78 -3.42,14.74 -4.06,30.43 -2.04,41.31 2.02,10.88 6.7,16.97 11.37,23.06",
    },

    O: {
      el: 1,
      path: "M27.78 50.95c-5.14,13.12 -10.27,26.23 -11.47,39.58 -0.46,5.13 -0.44,9.18 0.06,14.02m0 0c0.82,7.74 2.73,15.73 4.71,20.25 3.21,7.34 6.88,8.45 10.59,8.36 3.71,-0.09 7.48,-1.38 11.88,-11.39 4.4,-10 9.45,-28.71 11.51,-44.86 2.06,-16.14 1.15,-29.72 -1.97,-38.24 -3.12,-8.53 -8.44,-12 -15.46,-11.73 -7.02,0.28 -15.73,4.3 -22.52,14.48 -6.79,10.18 -11.65,26.5 -12.06,38.34 -0.41,11.83 3.62,19.17 8.67,22.66 5.04,3.49 11.1,3.12 15.55,1.19 4.45,-1.93 7.29,-5.41 10.14,-8.9",
    },

    P: {
      el: 1,
      path: "M7.14 64.88c-0.6,-6.32 -1.2,-12.65 0.19,-19.01 1.4,-6.36 4.79,-12.74 10.53,-17.22 5.74,-4.48 13.82,-7.06 19.88,-4.38 6.06,2.68 10.1,10.64 11.31,19.86 1.2,9.22 -0.43,19.71 -4.02,28.72 -6.59,16.54 -17.18,23.49 -26.11,24.47 -9.77,1.08 -17.52,-4.98 -15.6,-12.86 0.64,-2.63 2.35,-5.04 5.29,-6.49m12.46 -32.49c-1.99,17.69 -4.27,34.11 -2.32,51.86m0 0c1.31,11.88 4.25,22.65 6.83,28.35 2.01,4.45 3.12,6.71 5.58,7.83",
    },

    Q: {
      el: 1,
      path: "M36.4 68.08c1.33,5.73 2.66,11.47 1.38,18 -1.28,6.54 -5.18,13.87 -9.61,17.59 -4.43,3.71 -9.38,3.81 -13.76,-0.48 -4.38,-4.29 -8.19,-12.96 -8.12,-25.13 0.07,-12.18 4.01,-27.86 8.28,-37.59 4.27,-9.73 8.85,-13.51 13.52,-15.52 4.67,-2.02 9.42,-2.28 14.27,0.48 4.86,2.76 9.84,8.54 12.42,17.9 2.58,9.36 2.76,22.29 1.2,33.57 -1.56,11.28 -4.87,20.9 -9.54,29.21 -4.45,7.92 -9.78,14.57 -15.09,19.23m0 0c-4.31,3.79 -10.47,8.76 -16.42,8.93 -4.91,0.14 -9.81,-2.48 -11.35,-5.99 -1.54,-3.51 0.3,-7.91 3.94,-9.86 3.65,-1.95 9.1,-1.44 14.65,1.21 5.54,2.66 11.17,7.46 16.68,10.69 5.5,3.23 10.88,4.9 14.88,4.36 3.99,-0.53 6.61,-3.26 8,-6.28 1.38,-3.02 1.55,-6.32 0.49,-8.95 -1.05,-2.63 -3.33,-4.6 -5.6,-6.56",
    },
    R: {
      el: 2,
      path: "M3.03 57.07c1.65,1.87 3.3,3.73 6.33,4.49 3.03,0.76 7.43,0.4 10.89,-1.86 3.46,-2.26 5.99,-6.43 7.81,-12.58 1.83,-6.15 2.94,-14.26 4.21,-18.58 2.42,-8.28 14.65,-6.53 11.14,4.59 -1.61,5.09 -5.43,16.19 -7.44,25.44 -2.01,9.26 -2.72,18.9 -2.3,29.24 0.41,10.33 1.95,21.34 3.49,32.34m-2.6 -32.4c3.41,-0.18 7.49,-0.13 11.12,2.19 3.95,2.52 7.81,6.83 10.33,12.61 2.52,5.78 3.71,13.02 5.73,18.57 4.65,12.78 16.36,16.83 22.98,3.08m-38.83 -75.25c5.17,-11.53 15.95,-21.79 21.41,-24.41 5.46,-2.62 10.41,-1.99 12.66,1.72 2.25,3.71 1.79,10.52 -1.01,17.77 -2.8,7.25 -7.93,14.96 -14.81,21.01 -6.88,6.05 -15.5,10.46 -20.89,12.7 -4.6,1.92 -6.83,2.27 -8.72,2.39",
    },
    S: {
      el: 2,
      path: "M42.53 75.36c3.78,-1.72 7.57,-3.44 10.45,-7.08 2.88,-3.63 4.85,-9.19 5.39,-16.03 0.54,-6.84 -0.36,-14.98 -3.1,-20.29 -2.74,-5.31 -7.32,-7.78 -13.57,-7.74 -6.24,0.05 -14.13,2.61 -21.51,9.26 -7.38,6.65 -14.26,17.38 -16.42,26.1 -2.16,8.71 0.41,15.41 7.51,21.94 7.1,6.53 18.73,12.88 25.51,18.79 6.79,5.92 8.74,11.4 7.83,16.24 -0.91,4.85 -4.67,9.07 -9.58,11.93 -4.91,2.86 -10.96,4.36 -16.12,3.99 -5.16,-0.37 -9.42,-2.6 -11.81,-4.97 -2.38,-2.37 -2.89,-4.86 -3.39,-7.36",
    },
    T: {
      el: 2,
      path: "M39.76 26.35c-4.81,15.26 -9.62,30.52 -12.03,45.77 -2.4,15.24 -2.4,30.47 -1.3,40.06 1.1,9.59 3.3,13.53 6.05,16.29 2.75,2.76 6.05,4.32 9.36,5.9m-38.8 -89.47c9.17,-5.78 18.35,-11.56 26.92,-15.18 8.58,-3.62 16.56,-5.08 22.61,-5.81 6.05,-0.73 10.18,-0.73 13.67,-0.14 3.49,0.59 6.33,1.77 9.17,2.95",
    },

    U: {
      el: 1,
      path: "M23.75 19.47c-8.64,19.91 -34.98,91.06 -10.66,106.69 4.44,2.85 10.48,3.44 15.46,1.49 5.19,-2.03 11.9,-6.7 18.96,-16.95m15.32 -91.23c-5.41,24.65 -16.63,66.83 -15.32,91.23 0.46,8.5 2.66,14.22 5.86,17.27 3.2,3.05 7.4,3.43 10.47,1.49 3.07,-1.94 5.02,-6.21 6.97,-10.47",
    },
    V: {
      el: 1,
      path: "M26.9 75.86c0.46,15.68 7.55,41.42 16.22,54.62 2.97,4.51 8.9,3.76 10.07,-1.34 1.77,-7.71 2.58,-40.33 3.96,-51.01 2.63,-20.4 7.57,-31.89 21.42,-46.8m-75.54 30c1.15,4.13 2.29,8.26 6.31,11.37 13.12,10.18 26.87,0.48 33.37,-12 4.03,-7.75 7.08,-19.07 7.44,-25.73 0.7,-12.64 -10.4,-15.14 -16.66,-1.68 -3.85,8.28 -6.34,22.3 -6.63,37.14 -0.03,1.67 -0.01,3.8 0.04,5.43",
    },
    W: {
      el: 1,
      path: "M20.23 76.14c0.62,7.77 1.85,16.71 3.38,23.17 2.84,12.02 7.06,19.9 10.63,23.64 3.56,3.74 6.48,3.33 7.94,0.96 1.47,-2.37 1.49,-6.69 1.34,-11.52 -0.15,-4.82 -0.47,-10.16 -1.02,-14.76 -0.55,-4.6 -1.33,-8.48 -0.18,-10.75 1.15,-2.27 4.22,-2.94 6.07,-1.33 1.84,1.61 2.47,5.48 3.49,11.63 1.03,6.15 2.48,14.57 5.19,21.36 2.72,6.79 6.71,11.96 10.92,14.33 4.22,2.37 8.67,1.93 9.24,-5.1 0.57,-7.02 -2.73,-20.63 -3.82,-33.9 -1.1,-13.26 0.02,-26.19 2.49,-37.1 2.48,-10.92 6.32,-19.82 10.16,-28.73m-83.03 50.64c3.1,1.28 6.19,2.57 11.04,0.83 4.85,-1.74 11.45,-6.51 17.15,-15.19 5.7,-8.68 10.48,-21.27 11.42,-28.9 0.94,-7.63 -1.95,-10.3 -5.35,-11.51 -3.4,-1.21 -7.3,-0.96 -10.63,4.47 -3.33,5.43 -6.08,16.04 -6.72,29.41 -0.3,6.19 -0.24,11.68 0.29,18.37",
    },
    X: {
      el: 3,
      path: "M71.37 22.82c-49.48,71.69 -52.17,82.85 -54.28,114.99m3.96 -52.4c-1.38,1.38 -2.75,2.75 -4.93,3.21 -2.18,0.46 -5.16,0 -7.75,-3.12 -2.59,-3.12 -4.79,-8.9 -5.25,-15.5 -0.46,-6.6 0.83,-14.03 3.44,-21.14 2.61,-7.11 6.56,-13.9 10.55,-17.24 3.99,-3.35 8.03,-3.26 10.27,-0.87 2.25,2.38 2.71,7.06 4.08,19.17 1.12,9.85 2.11,18.83 3.57,28.73m0 0c0.79,5.37 1.82,11.72 2.85,17 2.75,14.08 5.96,22.7 10.32,28.25 4.36,5.54 9.86,8.01 15.36,10.47",
    },

    Y: {
      el: 2,
      path: "M59.45 96.62c-1.13,7.88 -2.45,14.53 -3.92,19.92 -2.84,10.42 -5.96,14.11 -9.17,15.96 -3.21,1.84 -6.51,1.84 -8.39,-0.52 -1.88,-2.37 -2.34,-7.1 0.28,-12.52 2.61,-5.42 8.3,-11.54 13.71,-16.52 5.41,-4.98 10.55,-8.84 15.23,-11.5 4.68,-2.66 8.9,-4.13 13.12,-5.6m-77.26 -19.61c8.81,9.94 18.39,12.81 28.01,1.09 5.59,-6.8 10.36,-18.9 11.55,-27.15 1.19,-8.25 -1.19,-12.63 -4.17,-14.81 -2.98,-2.19 -6.56,-2.19 -9.54,1.28 -2.98,3.48 -5.37,10.42 -7.02,21.56 -1.12,7.56 -1.9,17.79 -1.9,26.6m-0 0c0,4.16 0.17,7.45 0.57,11.03 1.24,11.19 5.27,15.54 10.09,16.02 7.57,0.75 20.14,-12.93 30.21,-26.45m0.26 -47.16c0.8,14.52 1.61,29.03 0.72,44.87 -0.43,7.65 -1.32,16.13 -2.38,23.49",
    },

    Z: {
      el: 3,
      path: "M29.76 121.59c-11.32,22.37 -29.48,9.75 -26.38,-0.63 0.96,-3.22 4.17,-5.65 8.71,-5.88 12.89,-0.67 21.96,11.35 31.93,16.68 4.88,2.6 9.23,2.6 12.41,0.55 3.18,-2.05 5.17,-6.15 7.16,-10.26m-40.45 -44.85c-3.35,-5.72 -6.7,-11.44 -7.15,-17.63 -0.46,-6.19 1.97,-12.86 8.05,-17.43 6.08,-4.58 15.81,-7.08 21.77,-9.23 5.96,-2.15 8.14,-3.95 9.81,-5.52 1.67,-1.57 2.84,-2.91 4.36,-3.5 4.05,-2 8.38,1.49 7.06,6.11 -0.49,1.68 -2.72,3.96 -4.18,5.52 -1.47,1.56 -3.19,1.51 -8.2,16.5 -5.01,15 -13.72,43.34 -20.3,59.52 -1.41,3.46 -3.37,7.63 -4.6,10.07",
    },
    a: {
      el: 1,
      path: "M40.22 75.9c0.18,-3.99 0.37,-7.98 -1,-10.86 -1.37,-2.88 -4.3,-4.65 -7.47,-5.45 -3.16,-0.8 -6.56,-0.62 -10.7,1.67 -4.13,2.29 -8.99,6.67 -12.27,12.22 -3.28,5.54 -4.98,12.24 -5.54,17.85 -0.57,5.61 -0,10.14 2.3,13.35 2.31,3.21 6.36,5.1 9.54,4.3 3.18,-0.8 5.5,-4.31 7.21,-7.68 1.72,-3.38 2.84,-6.63 3.9,-9.81 0.37,-1.12 0.75,-2.23 1.14,-3.25 2.2,-5.84 9.46,-3.94 8.6,1.87 -0.2,1.37 -0.53,2.86 -0.81,4.41 -0.6,3.31 -2.09,11.68 1.15,13.95 1.16,0.82 2.86,1.15 4.5,0.72 1.64,-0.44 3.22,-1.66 4.72,-4.39 1.5,-2.74 2.92,-7 3.76,-10.88 0.83,-3.88 1.07,-7.37 1.32,-10.86",
    },

    b: {
      el: 2,
      path: "M6.11 73.75c9.42,-5.88 17.97,-12.73 24.12,-21.06 6.15,-8.33 8.81,-17.39 9.42,-22.51 0.61,-5.12 -0.81,-6.32 -2.19,-7.41 -1.38,-1.1 -2.7,-2.1 -4.92,-1.64 -2.22,0.46 -5.34,2.38 -9.37,7.46 -4.04,5.09 -8.99,13.34 -12.43,22.88 -3.44,9.54 -5.37,20.36 -6.51,28.94 -1.15,8.58 -1.51,14.91 -0.89,19.58 0.62,4.68 2.22,7.71 4.38,8.79 2.16,1.09 4.86,0.24 5.79,-2.99 0.93,-3.23 0.08,-8.85 1.1,-14.78 1.02,-5.93 3.91,-12.16 7.48,-16.65 3.57,-4.48 7.81,-7.21 12.15,-7.27 4.35,-0.06 8.79,2.56 8.65,12.31 -0.03,1.9 -0.2,3.84 -0.54,6.17m0 0c-1.33,9.08 -5.4,25.57 -11.11,33.01 -5.3,6.9 -13.63,3.5 -10.57,-5.88 3.66,-11.2 11.56,-22.21 22.31,-27.45 4.88,-2.38 10.24,-3.94 15.59,-5.5",
    },

    c: {
      el: 1,
      path: "M21.25 74.3c-1.88,3.12 -3.76,6.24 -4.16,8.85 -0.4,2.61 0.68,4.71 2.25,5.87 1.57,1.17 3.64,1.39 5.99,-0.05 2.35,-1.44 4.99,-4.54 6.86,-9.24 1.87,-4.7 2.97,-10.98 1.99,-14.79 -1.76,-6.85 -10.41,-6.81 -15.59,-3.86 -10.1,5.77 -14.51,18.51 -15.45,29.52 -0.9,10.56 4.74,20.4 16.66,18.59 11.85,-1.8 18.34,-16.73 22.59,-26.39",
    },

    d: {
      el: 1,
      path: "M58.07 83.1c-3.13,11.54 -7.49,30.84 -13.49,41.05 -3.97,6.76 -11.46,7.1 -13.95,-1.24 -5.33,-17.83 2.76,-56.16 6.51,-71.9 2.61,-10.96 5.01,-18.37 7.29,-23.08 5.13,-10.59 19.89,-8.51 14.88,9.96 -4.43,16.35 -18.7,48.72 -30.08,60.24m0 0c-4.58,4.63 -13.87,13.41 -20.73,9.75 -2.8,-1.49 -4.54,-4.47 -5.18,-9.99 -0.64,-5.53 -0.18,-13.6 1.6,-20.49 1.78,-6.89 4.87,-12.6 8.5,-15.58 3.62,-2.97 7.77,-3.2 11.16,-1.42 3.14,1.65 5.62,5.03 8.05,8.53",
    },
    e: {
      el: 1,
      path: "M4.42 93.99c5.98,-1.43 11.88,-2.94 16.44,-5.87 4.81,-3.09 8.11,-7.77 9.62,-12.45 1.51,-4.68 1.24,-9.36 -0.77,-12.42 -2.01,-3.06 -5.75,-4.51 -9.64,-3.82 -3.9,0.69 -7.96,3.51 -11.18,8.82 -3.22,5.31 -5.6,13.11 -5.83,19.99 -0.23,6.88 1.7,12.84 4.82,16.58 3.12,3.74 7.43,5.25 11.88,4.04 4.45,-1.22 9.03,-5.16 12.47,-9.95 3.44,-4.79 5.73,-10.43 8.03,-16.07",
    },

    f: {
      el: 1,
      path: "M6.05 82.06c11.04,-6.18 17.85,-12.83 23.45,-23.38 4.87,-9.18 7.39,-18.88 7.11,-25.55 -0.29,-6.9 -8.24,-10.62 -13.4,-3.63 -5.09,6.9 -10.76,20.68 -14.53,33.76 -4.65,16.14 -10.4,50.37 1.04,64.67 4.63,5.78 13.74,2.71 13.43,-6.03 -0.28,-7.83 -4.3,-11.57 -8.58,-17.5 -3.96,-5.49 -3.62,-10.15 2.97,-13.13 6.6,-2.98 15.51,-5.41 18.53,-16.34",
    },
    g: {
      el: 2,
      path: "M50.6 72.64c-1.78,-16.92 -18.97,-16.51 -29.14,-8.99 -5.28,3.9 -10.15,10.99 -12.65,18.07 -2.49,7.08 -2.61,14.14 -0.42,18.74 2.19,4.61 6.69,6.76 10.6,6.63 3.92,-0.14 7.4,-2.46 9.72,-5.51 3.94,-5.16 3.45,-12.33 4.4,-16.61 1.51,-6.8 9.79,-5.86 9.95,0.41 0.07,2.66 0.02,6.58 -0.95,12.46 -0.73,4.43 -1.37,7.84 -2.35,12.33m0 0c-1.46,6.68 -3.41,14.44 -5.29,20.83 -3.12,10.57 -6.33,18.14 -9.79,23.14 -3.46,5 -7.18,7.43 -11.31,7.43 -4.13,0 -8.67,-2.43 -9.95,-7.64 -1.28,-5.21 0.69,-13.19 4.56,-19.4 3.88,-6.21 9.65,-10.66 16.95,-15.57 4.12,-2.77 10.1,-6.38 14.83,-8.79 10.98,-5.59 15.28,-15.02 19.16,-27.08",
    },

    h: {
      el: 1,
      path: "M3.81 68.73c7.09,-6.2 14.18,-12.41 19.23,-19.96 5.05,-7.56 8.05,-16.47 7.86,-21.55 -0.2,-5.08 -3.59,-6.32 -6.94,-5.4 -3.35,0.92 -6.65,3.99 -10.09,10.57 -3.44,6.58 -7.02,16.67 -8.89,27.55 -1.88,10.87 -2.05,22.53 -1.9,30.99 0.12,6.79 0.42,11.54 1.67,14.53 2.22,5.33 8.61,3.51 9.26,-1.77 1.36,-10.96 -1.96,-17.11 2.53,-29.09 4.62,-12.41 22.52,-13.76 18.24,5.86 -1.74,7.95 -5.3,15.29 -8.33,22.79 -1.88,4.65 -3.39,9.19 -2.38,12.15 1.01,2.97 4.54,4.37 8.29,2.27 3.75,-2.1 7.72,-7.7 10.5,-13.93 2.78,-6.24 4.39,-13.12 6,-20",
    },
    i: {
      el: 2,
      path: "M15.78 45.81l5 -12.02m-10.55 25.36c-3.03,9.08 -6.05,18.15 -6.93,25.99 -0.87,7.84 0.41,14.44 2.89,18.28 2.48,3.83 6.15,4.89 9.17,4.39 3.03,-0.5 5.41,-2.57 7.57,-7.05 2.16,-4.48 4.08,-11.36 6.01,-18.24",
    },
    j: {
      el: 3,
      path: "M37.69 45.04l1.55 -12.91m-8.83 65.34c-1.11,6.64 -2.37,13.17 -3.61,18.04 -3.65,14.19 -8.05,19.33 -12.93,20.79 -4.88,1.47 -10.25,-0.73 -10.78,-5.96 -0.53,-5.23 3.78,-13.48 10.71,-20.27 6.93,-6.79 16.46,-12.11 23.11,-17.2 6.65,-5.09 10.41,-9.95 14.17,-14.81m-15.37 -19.25c-1.9,15.27 -3.19,25.96 -5.3,38.66",
    },
    k: {
      el: 3,
      path: "M3.53 75.58c6.6,-7.56 13.21,-15.13 17.66,-23.63 4.44,-8.51 6.73,-17.96 6.36,-23.5 -0.37,-5.54 -3.4,-7.16 -7.44,-5.65 -4.05,1.51 -9.11,6.16 -12.29,18.67 -3.18,12.51 -4.46,32.87 -4.72,45.71 -0.26,12.84 0.5,18.16 2.38,20.61 1.89,2.44 4.92,2.02 6.38,-0.09 1.47,-2.11 1.38,-5.9 1.33,-11.08 -0.05,-5.17 -0.05,-11.73 2.87,-18.91 2.91,-7.18 8.74,-14.97 13.9,-17.54 5.16,-2.57 9.65,0.09 11.24,3.92 1.58,3.83 0.25,8.83 -4.83,12.84 -4.92,3.89 -13.35,6.85 -21.89,9.78m6.69 -1.98c2.43,2.29 4.47,5.49 4.7,9.4 0.31,5.15 -2.42,13.25 -1.94,17.9 0.48,4.66 4.17,5.87 8.35,3.83 4.17,-2.04 8.83,-7.34 11.77,-13.33 2.94,-5.99 4.18,-12.69 5.42,-19.39",
    },
    l: {
      el: 1,
      path: "M3.85 80.14c8.39,-7.4 15.66,-17.32 20.66,-27.69 5,-10.37 6.84,-21.58 5.53,-27.59 -1.31,-6.01 -5.76,-6.82 -10.46,-3.28 -4.7,3.54 -9.65,11.43 -12.5,21.98 -3.2,11.88 -6.17,45.63 -2,57.24 1.95,5.41 5.66,8.81 9.52,8.46 3.85,-0.34 7.84,-4.43 10.53,-9.47 2.68,-5.04 4.06,-11.05 5.43,-17.06",
    },
    m: {
      el: 1,
      path: "M4.28 71.09c-1.04,6.41 -1.61,10.32 -0.99,17.12 0.63,6.8 2.92,13.98 5.21,21.17m25.19 -42.48c4.16,-4.27 7.52,-7.14 11.57,-7.64 4.05,-0.5 7.98,2.79 7.87,8.84 -0.1,6.05 -4.22,14.88 -6.82,22.28 -2.59,7.4 -3.65,13.36 -1.87,16.52 1.77,3.16 6.38,3.53 9.71,0.55 3.33,-2.98 5.37,-9.31 6.66,-13.9 1.3,-4.59 1.85,-7.43 2.4,-10.27m-58.5 8.62c3.09,-5.43 5.22,-8.72 8.67,-16.71 3.45,-7.99 8.5,-14.57 12.5,-15.77 4,-1.21 6.97,2.96 6.99,8.87 0.02,5.91 -2.9,13.54 -4.22,20.68 -1.32,7.14 -1.05,13.77 -0.77,20.41",
    },

    n: {
      el: 1,
      path: "M5.58 66.35c-1.55,8.08 -5.51,29.87 1.4,36.69 1.99,1.96 5.2,1.39 6.59,-1.02 1.39,-2.41 0.96,-6.65 0.77,-10.59 -0.19,-3.94 -0.16,-7.55 0.76,-12.3 0.91,-4.74 2.7,-10.6 5.33,-14.52 2.62,-3.92 6.09,-5.9 9.78,-5.46 3.69,0.44 7.61,3.31 7.51,9.16 -0.11,5.85 -4.23,14.68 -6.82,22.07 -2.59,7.4 -3.65,13.36 -1.87,16.52 1.77,3.16 6.38,3.53 9.71,0.55 3.33,-2.98 5.37,-9.31 6.66,-13.9 1.3,-4.59 1.85,-7.43 2.4,-10.27",
    },

    o: {
      el: 3,
      path: "M12.94 75.51c-2.2,7.89 -4.07,15.78 -4.27,21.42 -0.45,13.02 11.04,14.78 18.21,4.61 5.95,-8.43 8.08,-22.79 5.18,-32.52 -1.61,-5.38 -4.72,-7.62 -8.39,-8.74 -3.67,-1.12 -7.89,-1.12 -11.26,0.6 -3.37,1.72 -5.89,5.15 -7.32,8.01 -1.42,2.86 -1.74,5.15 -2.06,7.45",
    },

    p: {
      el: 2,
      path: "M35.1 91.1c-0.39,1.53 -0.78,2.86 -1.24,4.24 -1.93,5.82 -4.31,9.93 -6.78,12.29 -2.47,2.36 -5.01,2.97 -7.35,2.48 -2.34,-0.5 -4.47,-2.1 -5.26,-4.78 -0.79,-2.68 -0.24,-6.44 3.02,-9.01 3.26,-2.57 9.22,-3.94 14.54,-4.77 5.32,-0.83 10,-1.1 13.62,-2.43 3.62,-1.33 6.19,-3.71 8.76,-6.1m-44.58 -23.85c-2.84,15.56 -5.69,31.12 -6.51,43.07 -0.83,11.95 0.37,20.28 1.56,28.61m3.46 -58.11c7.13,-6.07 11.79,-10.71 15.31,-12.15 3.52,-1.43 7.1,-1.43 9.62,1.12 2.52,2.55 3.99,7.66 3.99,13.97 0,4.82 -0.89,10.48 -2.15,15.41",
    },

    q: {
      el: 1,
      path: "M37.67 72.13c0.29,-2.51 0.59,-5.03 -0.47,-7.32 -1.05,-2.3 -3.46,-4.38 -8.09,-4.15 -4.63,0.24 -11.47,2.8 -16.46,8.11 -4.98,5.32 -8.1,13.39 -9.18,20.59 -1.08,7.2 -0.11,13.53 2,16.92 2.11,3.39 5.37,3.85 8.37,2.34 3,-1.51 5.76,-5 7.64,-8.96 1.88,-3.96 2.14,-7.8 3.58,-10.12 2.73,-4.43 8.7,-2.28 8.26,2.82 -0.25,2.94 -2.06,7.18 -4.35,13.3 -2.28,6.11 -5.04,14.09 -5.33,19.64 -0.3,5.55 1.86,8.67 4.77,9.01 2.91,0.34 6.58,-2.09 10.02,-7.04 3.44,-4.95 6.65,-12.43 8.2,-20.29 1.55,-7.85 1.44,-16.08 1.32,-24.32",
    },
    r: {
      el: 2,
      path: "M17.86 53.69c-0.28,-2.48 -0.55,-4.95 -2.13,-6.49 -1.58,-1.54 -4.47,-2.13 -6.81,-1.17 -2.34,0.96 -4.13,3.49 -5.09,6.83 -0.96,3.35 -1.1,7.52 -0.1,10.69 1,3.16 3.13,5.32 5.67,6.28 2.55,0.96 5.5,0.73 8.74,-1.93 3.23,-2.66 6.74,-7.75 10.62,-8.59 3.88,-0.83 8.12,2.58 8.18,8.7 0.06,6.12 -4.07,14.95 -6.66,22.35 -2.59,7.4 -3.65,13.36 -1.87,16.52 1.77,3.16 6.38,3.53 9.71,0.55 3.33,-2.98 5.37,-9.31 6.66,-13.9 1.3,-4.59 1.85,-7.43 2.4,-10.27",
    },
    s: {
      el: 2,
      path: "M20.21 99.04c3.7,3.38 7.51,6.95 8.96,10.25 1.79,4.08 0.32,8.09 -3.97,10.74 -4.29,2.66 -11.4,3.96 -16.21,2.68 -4.82,-1.28 -7.34,-5.16 -5.16,-9.71 4.89,-10.22 25.17,-18 34.83,-23.63 4.4,-2.57 5.96,-4.68 7.52,-6.79m-19.54 -0.28c3.12,-3.49 6.24,-6.97 8.04,-10.57 1.8,-3.6 2.28,-7.32 0.48,-9.79 -1.8,-2.48 -5.88,-3.71 -10.2,-2.32 -4.32,1.4 -8.88,5.43 -12.18,9.98 -3.29,4.54 -5.31,9.59 -4.35,14.22 1.22,5.85 7.43,11.25 11.77,15.22",
    },
    t: {
      el: 3,
      path: "M40.29 41.27c10.32,2.66 18.92,5.72 26.85,5.82 7.93,0.09 11.28,-5.24 11.65,-9.04 0.76,-7.93 -7.09,-12.39 -13.53,-13.95m-20.96 4.66c-1.75,5.32 -2.35,6.97 -3.99,12.44 -2.14,7.15 -4.09,14.55 -5.6,22.51 -2.66,14.05 -3.94,29.86 -3.39,41.35 0.55,11.48 2.94,18.64 5.69,22.22 2.75,3.58 5.87,3.58 9.49,-0.39 3.62,-3.96 7.75,-11.88 10.78,-19.79 3.03,-7.91 4.95,-15.8 6.88,-23.68m-61.12 -40.5c1.11,-1.17 3.61,-3.25 9.26,-4.9 5.64,-1.65 17.68,0.61 28,3.27",
    },
    u: {
      el: 1,
      path: "M32.48 59.16c-2.44,10.88 -4.88,21.77 -6.62,30.19 -1.75,8.43 -2.8,14.39 -1.03,17.55 1.77,3.16 6.38,3.53 9.71,0.55 3.33,-2.98 5.37,-9.31 6.66,-13.9 1.3,-4.59 1.85,-7.43 2.4,-10.27m-33.08 -24.12c-2,7.67 -4.01,15.35 -5.63,22.17 -1.62,6.82 -2.85,12.78 -0.78,15.95 2.07,3.16 6.85,3.84 11.14,1.48 1.62,-0.89 5.58,-3.61 9.31,-6.54",
    },

    v: {
      el: 1,
      path: "M29.96 88.43c4.08,-7.91 8.68,-17.85 10.25,-24.32 1.76,-7.26 0.1,-10.91 -2.36,-12.61 -2.45,-1.7 -5.7,-1.46 -8.49,0.72 -2.79,2.19 -5.13,6.33 -6.55,11.64 -1.42,5.3 -1.93,11.77 -0.85,16.24 2.23,9.24 13.35,11.04 20.55,6.65 4.24,-2.59 7.77,-7.68 11.31,-12.77m-45.49 -14.82c-2.06,5.87 -4.13,11.74 -4.91,18.56 -0.78,6.82 -0.28,14.58 0.89,20.08 1.16,5.5 2.98,8.73 5.17,10.55 2.19,1.82 4.76,2.23 7.93,-0.54 4.67,-4.1 9.62,-13.66 12.57,-19.38",
    },
    w: {
      el: 1,
      path: "M44.12 94.23c3.06,-8.89 5.39,-18.5 5.91,-24.94 0.64,-7.97 -1.87,-9.97 -4.5,-10.16 -2.63,-0.2 -5.38,1.39 -7.45,6.33 -2.06,4.94 -3.44,13.23 -2.06,19.12 1.38,5.89 5.5,9.37 10.04,10.15 4.54,0.78 9.49,-1.15 12.57,-3.53 3.07,-2.38 4.27,-5.23 5.46,-8.07m-46.9 -24.38c-10.81,6.47 -15.37,26.39 -13.87,37.95 0.6,4.59 2.61,7.06 5.7,6.93 3.09,-0.13 6.76,-1.69 10.92,-4.44m6.45 -27.49c-2.29,7.61 -4.59,15.23 -5.64,23.28 -1.05,8.05 -0.85,16.55 0.79,21.13 1.64,4.58 4.74,5.25 8.36,2.77 6.76,-4.64 11.52,-16.81 14.22,-24.66",
    },
    x: {
      el: 3,
      path: "M67.92 49.86c-12.03,2.84 -31.94,42.61 -38.67,54.47 -6.79,11.97 -10.55,14.17 -13.76,14.86 -3.21,0.69 -9.46,0.39 -12.46,-4.63m11.09 -34.56c2.57,-6.97 4.03,-10.94 7.38,-15.28 3.35,-4.34 7.48,-6.05 11.19,-5.18 6.35,1.49 8.91,9.86 10.65,19.54m0 0c1.41,7.87 2.34,16.9 3.89,21.48 2.38,7.01 6.24,7.92 9.49,6.26 6.47,-3.28 11.16,-17.35 13.68,-24.36",
    },

    y: {
      el: 2,
      path: "M44.49 105.39c-1.33,6.02 -2.95,11.5 -5.43,18.14 -4.54,12.2 -11.33,25.68 -17.52,32.47 -6.19,6.79 -11.79,6.88 -15.04,4.77 -3.26,-2.11 -4.17,-6.42 -2.94,-12.02 1.24,-5.6 4.63,-12.47 9.86,-19.25 5.23,-6.78 12.29,-13.45 20.55,-18.5 8.26,-5.04 17.7,-8.46 23.67,-13.06 5.96,-4.6 8.44,-10.37 10.92,-16.15m-49.26 -22.63c-2.52,2.5 -5.04,5 -7.56,9.79 -2.51,4.79 -5.01,11.88 -5.91,19 -0.89,7.12 -0.18,14.28 2.1,17.85 2.28,3.58 6.14,3.58 10.73,0.85 4.6,-2.73 9.94,-8.19 13.09,-14.94 3.15,-6.76 4.11,-14.8 4.6,-20.45 0.17,-2.03 0.27,-3.75 0.45,-5.19 0.75,-6.25 7.97,-7.28 9.83,-1.44 1.89,5.06 1.66,14.76 0.46,25.27 -0.54,4.79 -1.49,10.45 -2.6,15.49",
    },

    z: {
      el: 3,
      path: "M41.47 100.51c9.11,-5.38 13.3,-8.63 19.11,-17.27m-49.43 3.4c-0.83,-3.49 -1.65,-6.97 -0.18,-11.55 1.47,-4.58 5.23,-10.26 9.2,-13.46 3.97,-3.21 8.14,-3.94 10.93,-2.29 2.8,1.65 4.22,5.67 0.99,13.41 -3.23,7.75 -11.12,19.21 -19.01,30.68m12.17 -17.16c4.22,-0.56 8.2,-0.83 9.78,-0.53 10.91,2.06 5.5,22.67 3.35,29.28 -2.59,7.96 -6.58,16.57 -11.52,22.86 -4.93,6.28 -10.8,10.24 -15.23,11.39 -4.43,1.15 -7.41,-0.5 -8.3,-4.04 -0.89,-3.54 0.3,-8.96 3.58,-14.95 3.28,-5.99 8.65,-12.53 15.48,-17.89 6.83,-5.36 13.32,-8.47 19.08,-11.88",
    },
    ".": {
      el: 1,
      path: "M8.39,112.95L3.03,135.58",
    },
    ",": {
      el: 1,
      path: "M15.7,113.8L3.03,167.32",
    },
    "?": {
      el: 2,
      path: "M8.28 64.06c-1.87,-2.55 -3.75,-5.1 -4.67,-8.66 -0.93,-3.56 -0.9,-8.12 1.41,-12.42 2.31,-4.3 6.91,-8.34 11.99,-10.28 5.08,-1.94 10.64,-1.79 15.42,0.3 6.51,2.86 15.44,11.88 12.21,24.85 -2.51,10.07 -10.25,15.95 -15.9,20.06 -13.3,9.69 -20.77,18.41 -8.87,25.47m-1.6 13.24l-1.3 13.87",
    },
    "!": {
      el: 2,
      path: "M4.33 116.63l-1.3 13.87m9.29 -99.18l-6.59 70.34",
    },
    "+": {
      el: 3,
      path: "M33.63 52.41l-3.22 27.78m0 0l-3.39 29.24m-23.97 -28.65l55.34 -1.19",
    },
    "#": {
      el: 8,
      path: "M34.7 35.56c-1.96,11.68 -3.86,20.89 -5.4,31.66m0 0c-0.79,5.52 -1.53,11.25 -2.05,16.17 -0.5,4.8 -0.83,9.01 -1.05,13.09m0 0c-0.45,8.25 -0.44,15.17 -0.27,19.96 0.25,7.15 0.81,10.07 1.37,12.99m39.07 -97.01c-2.67,14.52 -5.35,29.04 -7,41.28 -1.18,8.73 -1.84,16.3 -2.16,23.02m0 0c-0.46,9.58 -0.86,20.72 2.45,30.46m-52.62 -59.96c17.92,0 35.34,0 53.26,0m0 0c7.08,0 14.66,0 21.74,0m-79 29.42c18.76,-0.15 37.52,-0.3 50.43,-0.11 12.91,0.19 19.97,0.71 27.03,1.24",
    },
    "&": {
      el: 3,
      path: "M64.32 121.83c0,0 -6.26,-6.72 -14.05,-16.21m0 0c-7.91,-9.62 -17.4,-22.08 -23.88,-33.65m0 0c-4.9,-8.74 -9.37,-24.27 -3.43,-32.69 11.31,-16.03 34.28,-3.7 26.67,14.3 -4.37,10.34 -19.91,15.7 -31.44,23.7 -22.83,15.86 -19.2,43.5 6.44,44.97 6.63,0.38 13.79,-2.27 19.67,-9.09 9.33,-10.83 15.25,-26.99 15.86,-30.75",
    },
    "%": {
      el: 3,
      path: "M70.16 111.38c-2.06,12.13 -11.53,23.72 -21.9,22.06 -15.16,-2.42 -9.16,-26.41 -2.54,-35.77 5.56,-7.85 12.15,-11.39 17.2,-10.27 5.95,1.33 9.76,9.13 7.24,23.98zm-65.65 -52.48c-3.21,9.46 -1.45,21.54 7.91,23.72 10.23,2.38 18.55,-7.44 23.31,-17.62m0.25 -0.55c2.81,-6.19 4.75,-13.12 4.82,-19.05 0.24,-21.65 -18.52,-21.56 -26.38,-6.83 -4.22,7.9 -1.64,20.29 5.82,23.51 7.35,3.18 14.97,2.35 31.78,2.92m-34.69 63.7c12.88,-31.65 30.45,-57.04 49.17,-83.1",
    },
    1: {
      el: 1,
      path: "M8.17 139.34c12.95,-5.89 32.96,-6.85 32.96,-6.85m-38.1 -81.01c16.59,-5.78 18.29,-16.33 21.63,-24.27 3.34,-7.93 14.54,-5.48 11.76,4.68 -2.78,10.17 -16.24,41.87 -13.03,102.86",
    },
    2: {
      el: 2,
      path: "M56.62 114.73c2.27,1.96 4.54,3.93 5.6,6.56 1.05,2.63 0.89,5.93 -0.49,8.95 -1.39,3.02 -4,5.75 -8,6.28 -3.99,0.54 -9.37,-1.13 -14.88,-4.36 -5.5,-3.23 -11.13,-8.04 -16.68,-10.69 -5.54,-2.66 -11,-3.16 -14.65,-1.21 -3.65,1.95 -5.48,6.35 -3.94,9.86 1.54,3.51 6.44,6.12 11.35,5.99 5.95,-0.17 12.11,-5.15 16.42,-8.93m0 -0c13.8,-12.12 22.14,-30.46 24.63,-48.44 1.56,-11.28 1.38,-24.22 -1.2,-33.57 -2.58,-9.36 -7.56,-15.13 -12.42,-17.9 -4.86,-2.76 -9.6,-2.5 -14.27,-0.48 -4.66,2.02 -9.25,5.79 -13.52,15.52 -4.27,9.73 -3.95,35.59 14.03,24.03",
    },
    3: {
      el: 2,
      path: "M11.73 52.46c4.15,-19.22 14.6,-32.04 25.17,-23.93 6.56,5.04 7.33,14.08 4.11,21.54 -3.02,6.98 -11.61,16.5 -18.9,24.13m9.6 -9.61c31.45,3.77 33.32,71.19 -7.97,71.19 -11.51,0 -18.71,-9.58 -20.7,-25.31",
    },
    4: {
      el: 2,
      path: "M40.81 17.92c-10.52,23.73 -15.22,59.09 -34.69,71.56 -5.62,3.6 -3.07,10.99 3.65,9.22 3.65,-0.96 8.61,-2.54 13.96,-4.77 3.09,-1.29 9.35,-3.28 16.04,-5.24m17.97 -55.6c-6.55,19.95 -13.1,39.9 -16.85,56.15 -3.75,16.24 -4.7,28.79 -4,37.28 0.7,8.5 3.06,12.94 5.43,17.39",
    },
    5: {
      el: 2,
      path: "M11.2 35.58c10.8,-2.67 22.76,-4.55 33.85,-4.75 8.08,-0.14 17.05,0.73 22.79,-7.16m-44.28 10.8c-6.24,23.57 -10.53,42.09 -11.28,59.88m2.53 -17.38c28.38,-22.08 43.64,-6.82 46.4,-0.19 4.34,10.42 5.36,27.89 -10.84,45.29 -8.31,8.93 -21.49,15.9 -34.26,16.08 -10.01,0.15 -14.76,-8.47 -12.56,-21.55",
    },
    6: {
      el: 1,
      path: "M27.26 25.75c-20.61,44.95 -28.34,86.04 -22.16,100.59 6.18,14.55 22.67,11.77 33.49,-1.5 0.85,-1.04 1.99,-2.67 2.83,-3.96m0 0c9.89,-15.21 17.83,-45.56 -2.83,-46.55 -22.41,-1.07 -29.11,35.31 17,53.72",
    },
    7: {
      el: 3,
      path: "M32.74 138.38c1.85,-68.61 2.12,-86.44 28.92,-104.89 5.5,-3.79 2.74,-10.6 -4.06,-9.21 -12.12,2.48 -24.18,9.06 -35.96,10.38 -7.03,0.79 -12.81,-0.84 -18.6,-2.48m16.26 51.25l16.45 -4.35m0 0l20.98 -5.55",
    },
    8: {
      el: 2,
      path: "M9.82 28.41c-7.36,3.76 -7.54,12.32 -6.03,16.9 5.19,15.73 30.84,13.71 42.92,8.16 8.99,-4.13 16.79,-11.1 19.54,-16.14 2.75,-5.04 0.46,-8.16 -2.84,-9.95 -3.3,-1.79 -7.61,-2.25 -13.67,-0.69 -6.05,1.56 -13.85,5.14 -20.13,11.72 -7.8,8.17 -10.63,13.72 -10.29,18.52m0 0c0.47,6.62 6.59,10.9 14.22,15.12m0 0c2.8,1.55 6.14,3.27 9.01,4.84 25.06,13.7 20.95,41.51 0.51,54.48 -14.53,9.21 -33.95,5.21 -37.87,-13.77 -4.05,-19.59 15.35,-43.28 51.29,-56.92",
    },
    9: {
      el: 2,
      path: "M4.61 126.21c16.59,12.87 31.13,7.83 38.04,-0.77 8.94,-11.13 13.31,-40.53 17.24,-54.74 1,-3.61 1.56,-6.19 2.02,-8.03 1.35,-5.43 -5.81,-8.7 -8.33,-2.46 -0.51,1.26 -0.84,2.94 -1.39,4.96 -1.71,6.26 -4.37,16.22 -8.61,23.6 -7.42,12.93 -25.08,14.11 -30.69,-1.41 -6.94,-19.2 5.29,-50.05 23.18,-58.32 11.83,-5.47 19.88,8.36 12.34,21.09 -3.71,6.27 -10.55,10.9 -18.76,12.06 -5.44,0.77 -11.49,0.01 -16.33,-2m0 0c-2.46,-1.02 -4.61,-2.38 -6.2,-4.02 -7.05,-7.27 -4.75,-20.11 5.42,-22.55",
    },
    0: {
      el: 1,
      path: "M27.78 51.83c-5.14,13.12 -10.27,26.23 -11.47,39.58 -0.46,5.13 -0.44,9.18 0.06,14.02m0 0c0.82,7.74 2.73,15.73 4.71,20.25 3.21,7.34 6.88,8.45 10.59,8.36 3.71,-0.09 7.48,-1.38 11.88,-11.39 4.4,-10 9.45,-28.71 11.51,-44.86 2.06,-16.14 1.15,-29.72 -1.97,-38.24 -3.12,-8.53 -8.44,-12 -15.46,-11.73 -7.02,0.28 -15.73,4.3 -22.52,14.48 -6.79,10.18 -11.65,26.5 -12.06,38.34 -0.41,11.83 3.62,19.17 8.67,22.66 5.04,3.49 11.1,3.12 15.55,1.19 4.45,-1.93 7.29,-5.41 10.14,-8.9",
    },
  },
};

export default sailing_heart;
